similarity:0.6818179206906708
string-similarity:0.31818181818181657
similar:2.611275126128839E-7
word2vec:4.037174635000582E-17
didyoumean2:4.4294328902784213E-32
image-ssim:4.4294328902784213E-32
dom-node-similarity:4.4294328902784213E-32
color-similarity:4.4294328902784213E-32
jaccard-index:4.4294328902784213E-32
ml-distance:4.4294328902784213E-32
levsimilarity:4.4294328902784213E-32
jaccard-similarity-sentences:4.4294328902784213E-32
peaks-similarity:4.4294328902784213E-32
sentence-similarity:4.4294328902784213E-32
compute-cosine-distance:4.4294328902784213E-32
nearest-neighbor:4.4294328902784213E-32
jaccard-stream:4.4294328902784213E-32
similarity-matrix:4.4294328902784213E-32
covectric:4.4294328902784213E-32
marc-record-similarity:4.4294328902784213E-32
textsimilarity:4.4294328902784213E-32
compute-cosine-similarity:3.5205667461041015E-68
