string-similarity:0.33333333333333337
similarity:0.33333333333333337
similar:0.33333333333333337
didyoumean2:4.382560584561159E-32
image-ssim:4.382560584561159E-32
dom-node-similarity:4.382560584561159E-32
color-similarity:4.382560584561159E-32
jaccard-index:4.382560584561159E-32
ml-distance:4.382560584561159E-32
levsimilarity:4.382560584561159E-32
jaccard-similarity-sentences:4.382560584561159E-32
peaks-similarity:4.382560584561159E-32
sentence-similarity:4.382560584561159E-32
compute-cosine-distance:4.382560584561159E-32
nearest-neighbor:4.382560584561159E-32
jaccard-stream:4.382560584561159E-32
similarity-matrix:4.382560584561159E-32
covectric:4.382560584561159E-32
marc-record-similarity:4.382560584561159E-32
textsimilarity:4.382560584561159E-32
word2vec:4.382560584561159E-32
compute-cosine-similarity:3.4390879152551555E-69
