jacket-captcha:0.4
googleclientlogin:0.29999999999999993
captcha:0.29999999999999993
homosapien:1.7763568394002513E-16
solvemedia:2.7859111381970696E-25
