isemail:0.7635698529406963
person:0.0788100490196077
emailvalidator:0.0788100490196077
emailaddress:0.0788100490196077
nice-is-email:4.0040716573727794E-13
validate.io:3.312490559490377E-14
testdata-invalid-email:1.2843693305434589E-14
legit:1.035506567191021E-14
email-deep-validator:6.9458877321937734E-15
is-email-node:4.394254372296986E-15
testdata-valid-email:3.0490308289410225E-15
is-email-like:2.248967634465762E-15
email-address-check:1.7326062758922919E-15
enhanced-email-deep-validator:1.3790016888978933E-15
validate-email:1.1487341977111243E-15
validate-email-shootout:1.1257074485924475E-15
mailgun-email-validation:8.498191751928318E-16
tcomb-additional-types:7.297466372611446E-16
validate-email-dns:4.5896978540236516E-36
email-exists:1.6441846345787E-45
email-existence:1.1516381298701012E-45
testdata-newtld-email:8.22832461141571E-46
formula-isemail:4.359220974335357E-46
email-check:2.5161281950887288E-46
mailcheck:7.761300869930518E-50
