isemail:0.7444190348073103
person:0.1525912224651084
emailvalidator:0.05149487136371284
emailaddress:0.05149487136371284
nice-is-email:1.3560469113013334E-13
validate.io:8.65107846383529E-15
testdata-invalid-email:3.2441543547107484E-15
legit:2.2403737074499648E-15
email-deep-validator:1.723457000418525E-15
is-email-node:1.0771606251754015E-15
testdata-valid-email:7.405479297819312E-16
is-email-like:5.421868771512344E-16
validate-email:4.16938578862846E-16
email-address-check:4.1511182781388422E-16
enhanced-email-deep-validator:3.2863019701663233E-16
validate-email-shootout:2.6701203507444717E-16
mailgun-email-validation:1.8892529352797547E-16
tcomb-additional-types:1.616764531152741E-16
validate-email-dns:1.0526376269659677E-16
email-existence:3.994259129449492E-27
mailcheck:2.5323496391689092E-27
email-check:1.8595128742336656E-27
email-exists:4.177149805815126E-28
testdata-newtld-email:3.3443481575876544E-28
formula-isemail:2.7168043200319333E-28
