voices:0.649999993803203
vui-ad-hoc-alexa-recognizer:0.17857142857142866
node-red-contrib-voicerss-tts:0.17142857142857054
text-to-speech:3.0943064065530083E-9
microsoft-speech-browser-sdk:3.094305063183155E-9
text-to-speech-js:6.3665035651039755E-12
espeak:1.8190010185975542E-12
iobroker.sayit:9.32352734516734E-16
aws-tts:1.1730169124422514E-19
accessibility:1.567075015111755E-24
tts:1.567075015111755E-24
react-speech-recognition:6.964771929069673E-25
festival:1.972129745054394E-31
talkify-tts:8.272118766742535E-35
bingspeechrecognition-api:5.629499534213139E-37
watson-speech:1.2970543280553709E-38
annyang:3.3251701701296286E-42
linear16:1.568717471495489E-45
nativescript-speech-recognition:9.656626087413151E-49
cordova-plugin-tts:5.000000000000017E-52
