spritesheet-templates:0.999999999999992
write-yaml:7.993605635220151E-15
pcm-convert:7.104025128247672E-23
csf-convert:1.6090008027308923E-28
spritesheet-templates-steamer:6.881695893278575E-33
nodejs-jekyll-to-ghost:1.75792217643571E-36
json-transmute:1.4553406520154894E-39
fhir-converter:2.713422351188722E-42
insightly-to-vcard:9.011063248474131E-45
pdf-extract:4.53854988188165E-47
json2lcov:3.086218388271537E-49
spritesheet-templates-x3:2.5924522857425132E-51
argumints:2.5026860867515137E-53
metrics2xlsx:2.6063205796869642E-55
aoot:2.754608568367275E-57
movingai2json:2.764249071703717E-59
tsvert:2.4190161126302763E-61
kifu-parser:1.6139999320902324E-63
converter:6.075280737655036E-66
