card-js:0.6259310535468022
validity:0.36669443393803447
card-validator:0.00199455482658782
luhn-alg:0.0010978645104530106
credit-card:6.270868379554787E-4
payment:5.225275753980576E-4
luhn:4.973053432644547E-4
jquery.payment:4.1672366641748004E-4
credit-card-validation:4.1237160935954397E-4
creditcard.js:3.0356908264514513E-4
credit-card-type:2.619836145222537E-4
payform:2.3342675987951086E-4
react-card-input:2.3206753234980107E-4
angular-credit-cards:1.833676906860154E-4
credit-card-validate:1.4849216948419118E-4
mod10:1.4695484534616918E-4
joi-creditcard-extension:1.0653216656711073E-4
creditcards-types:7.890203214110679E-5
bp-creditcards:6.453315595021551E-5
npmdoc-credit-card:1.2562552731990114E-5
card:1.0309218768665558E-5
credit-card-validator:9.72816449222422E-6
is2:7.703821380293185E-6
isccnumber:8.684608887221311E-7
vava:7.888320852968026E-7
stripe-card-validator:7.220680795706155E-7
card-validate:6.653199852398726E-7
cc-validator-node:6.165176637840941E-7
npmtest-credit-card:5.741214852346472E-7
parsley-payment:5.36963167033366E-7
luhn-check:5.041405532634736E-7
credit-card-es6:4.74946176807191E-7
gi-commerce:1.9396869758464858E-7
creditcardutils:3.4897586808791763E-54
angular-card:1.9360343817046926E-54
react-credit-card:1.9360343817046926E-54
card-react:1.9360343817046926E-54
ember-credit-card:1.9360343817046926E-54
node-luhn:3.0493745677286873E-56
angular-credit-cards-release:2.5984253714146935E-58
angular.validators:1.9726794984390864E-60
bp-angular-credit-cards:1.161911866753611E-62
valid-card-number:3.91671587583641E-65
is2-2:2.2181210225573607E-71
