card-js:0.44237765521279954
card-validator:0.3751407613344647
credit-card-type:0.09123687198802183
validity:0.09123687198802183
luhn-alg:1.9869787757963503E-6
payment:1.0950253191018732E-6
credit-card:9.533145216831453E-7
jquery.payment:6.080733616762643E-7
creditcard.js:5.792860431471874E-7
react-card-input:5.052664782333665E-7
luhn:4.953074145831383E-7
angular-credit-cards:3.5544284504531426E-7
credit-card-validation:3.001898082503832E-7
mod10:2.921510356787721E-7
joi-creditcard-extension:1.997316392682894E-7
creditcards-types:1.3193461850254424E-7
bp-creditcards:1.0846229875518804E-7
payform:7.218811940271895E-8
credit-card-validator:2.5732363233234967E-8
credit-card-validate:2.3355660881456424E-8
npmdoc-credit-card:1.538110063911275E-8
angular-card:1.5037953820756076E-8
react-credit-card:1.5037953820756076E-8
card:1.5037953820756076E-8
card-react:1.5037953820756076E-8
ember-credit-card:1.5037953820756076E-8
is2:4.159687545783447E-9
isccnumber:1.924237716151887E-9
vava:1.7213325217368958E-9
stripe-card-validator:1.5537853464906242E-9
card-validate:1.4133492743485292E-9
cc-validator-node:1.294122462847383E-9
npmtest-credit-card:1.1917764139018626E-9
parsley-payment:1.1030686660501504E-9
luhn-check:1.0255251067419796E-9
credit-card-es6:9.572270440662096E-10
gi-commerce:1.2140731233184777E-10
creditcardutils:3.489758680879181E-54
node-luhn:3.0493745677286927E-56
angular-credit-cards-release:2.5984253714146978E-58
angular.validators:1.9726794984390917E-60
bp-angular-credit-cards:1.161911866753613E-62
valid-card-number:3.916715875836419E-65
is2-2:2.2181210225573644E-71
