card-validator:0.6654916605332938
credit-card-type:0.1672481385548424
validity:0.1672481385548424
payment:2.5654443235985863E-6
credit-card:2.1987647383466014E-6
luhn:1.5842007470543281E-6
jquery.payment:1.3267118302331984E-6
luhn-alg:1.2893726860782575E-6
creditcard.js:9.363831377589653E-7
angular-credit-cards:7.572278333082539E-7
credit-card-validation:6.913334262714265E-7
creditcards-types:2.379982935840353E-7
payform:1.6622977656823225E-7
credit-card-validator:6.291722082262607E-8
credit-card-validate:5.575425722967754E-8
angular-card:3.6046100404913654E-8
react-credit-card:3.6046100404913654E-8
card:3.6046100404913654E-8
card-react:3.6046100404913654E-8
ember-credit-card:3.6046100404913654E-8
is2:9.788248216790437E-9
creditcardutils:5.687014146617912E-54
node-luhn:4.969351147409698E-56
angular-credit-cards-release:4.2344709756387546E-58
angular.validators:3.214736960419254E-60
bp-angular-credit-cards:1.8934860050799576E-62
valid-card-number:6.382796242103779E-65
