franc:0.8799981798862138
guesslanguage:0.11999999968886485
franc-min:1.8024345883654013E-6
franc-all:1.4843154561973912E-8
franc-cli:1.289957861380279E-9
italiano:1.1751961496955395E-9
retext-language:3.015450184463958E-10
languagedetect:1.9629732424012357E-10
language-detect:1.8418206788526192E-10
detect-character-encoding:5.259072701473411E-32
retext-sentiment:1.7294057707404896E-38
polarity:4.433560226839501E-42
tika:2.0916232953273175E-45
detect-lang:1.2875501449884193E-48
speak-tts:6.666666666666684E-52
