franc:0.87999899048162
guesslanguage:0.11999999999999983
franc-min:1.0077533542596748E-6
franc-all:1.7614248588412356E-9
franc-cli:2.8009509639325466E-12
retext-language:8.002717039807276E-13
retext-sentiment:1.7294057707404888E-38
languagedetect:6.920283219098064E-39
polarity:4.4335602268394975E-42
italiano:1.3315322043585773E-42
tika:2.091623295327317E-45
language-detect:4.193546991814539E-46
detect-lang:1.2875501449884185E-48
detect-character-encoding:1.2935501449884179E-49
speak-tts:6.6666666666666835E-52
