realdom:0.9047619047561986
dom-utils:0.09523809523809527
tsdom:4.365602497449092E-12
ng-html-util:5.153797301156151E-13
css-util:3.433946066137483E-13
dom101:2.1163163301667627E-13
tagbuildr:1.1805791250940548E-13
react-classset:7.6291838496863E-14
domanip:5.3797720992937816E-14
dom-util:1.7960827242432654E-14
elementsJS:2.301577292575613E-15
tnt-dom:1.832737473717618E-15
direct:5.63459208319498E-31
bti-dom-utils:3.2165623069132E-36
dominus:5.891395600354406E-41
quasi:2.976918586432556E-52
dom101-2:2.0772204558752048E-54
eurostar-dom-utility:1.4621593233020196E-56
sebastiendaniel-utilities:9.41830247927083E-59
jvg:4.808879772608076E-61
aegis-js:1.429995386568374E-63
