realdom:0.8571428571387233
dom-utils:0.1428571428571427
tsdom:3.1641630686696917E-12
ng-html-util:3.7280783281412237E-13
css-util:2.4863820642579644E-13
dom101:1.530533829583318E-13
tagbuildr:8.537053104021977E-14
react-classset:5.5164276445871386E-14
domanip:3.889726475699087E-14
dom-util:1.2629105107077446E-14
elementsJS:1.6183475932011766E-15
tnt-dom:1.2886841945900703E-15
direct:1.2688263125306973E-16
dominus:6.633121757612069E-26
bti-dom-utils:6.633121757612069E-26
quasi:2.9769185864325552E-52
dom101-2:2.0772204558752048E-54
eurostar-dom-utility:1.4621593233020191E-56
sebastiendaniel-utilities:9.41830247927083E-59
jvg:4.8088797726080764E-61
aegis-js:1.4299953865683748E-63
