snape:0.49999999999999933
video:0.18749999999993078
download:0.16666666666676347
manifest:0.06250000000011631
download-cli:0.041666666666594625
ndownload:0.041666666666594625
webvd:8.881784169142157E-16
peardownloader:1.3929543858139334E-24
jul11co-webdl:3.9442594901087878E-31
evdh:1.1258999068426279E-36
