video:0.4999999999999998
snape:0.49999999999999917
webvd:8.881784169142152E-16
download-cli:1.480297366166876E-16
ndownload:1.480297366166876E-16
manifest:1.480297366166876E-16
peardownloader:1.3929543858139329E-24
jul11co-webdl:3.9442594901087856E-31
evdh:1.1258999068426275E-36
download:1.1258999068426275E-36
