exif:0.4999677264981447
extract:0.3749677264981446
bytescout:0.12500000000000006
quagga:3.22735018553724E-5
barcode-reader:3.22735018553724E-5
bwip-js:1.4790804218386843E-30
barcode-js:8.443476055647152E-36
jaguar:1.5464913450930315E-40
