quagga:0.29166666666666663
exif:0.29166666666666663
extract:0.29166666666666663
bytescout:0.12500000000000008
barcode-reader:3.4511482516757594E-30
bwip-js:2.954946087746684E-35
barcode-js:1.0821269192809992E-39
jaguar:6.9503714020482E-44
