health:0.9998796239282384
webtorrent-health:7.523504485095065E-5
torrent-tracker-health:3.0094017940380274E-5
lifetracker:1.5047008970190154E-5
carotte-dashboard:2.760918601340603E-30
webtorrent-tracker:7.888609052210116E-32
bittorrent-tracker:7.888609052210116E-32
torrent-tracker-health-ce:2.3639568701973427E-35
quantified:8.65701535424799E-40
windows.devices.pointofservice:5.560297121638556E-44
