health:0.9999793776487884
webtorrent-health:1.2616741395689569E-5
torrent-tracker-health:5.859293775377168E-6
lifetracker:2.1463160404750854E-6
carotte-dashboard:2.7609186013406044E-30
webtorrent-tracker:7.888609052210121E-32
bittorrent-tracker:7.888609052210121E-32
torrent-tracker-health-ce:2.3639568701973454E-35
quantified:8.657015354247991E-40
windows.devices.pointofservice:5.560297121638562E-44
