three-clara:0.5000000000000073
threejs-extras-examples:0.4999999999999925
three:2.9605947323337516E-16
