three-clara:0.9999999999999993
threejs-extras-examples:2.9605947323337506E-16
three:2.9605947323337506E-16
