B:0.7058823529411766
A:0.29411764705882354
E:0.0
C:0.0
D:0.0
Q:0.0
J:0.0
H:0.0
I:0.0
