functions:0.9703721298709258
mathjs:0.011025638640262802
math.js:0.005873897003174399
expr-eval:0.003002795948273397
gamma:0.0019204660550371424
es6-math:0.0017600337263038966
nearest-periodic-value:0.0012282519090639809
contained-periodic-values:8.962179154829817E-4
skipped-periodic-values:7.023978611377643E-4
chi-squared:5.758114681247436E-4
math:4.278649802834136E-4
compute-signum:3.679155097137395E-4
fparser:3.452471479314378E-4
compute-erf:3.2371159994995703E-4
random-pro:3.215887633180885E-4
mathsass:1.4771821873365188E-4
coffeelint-config-groupon:9.447455155940305E-5
keen-query:6.893519279609371E-5
graphy-js:5.402696154325128E-5
eslint-config-groupon-react:4.429020265567957E-5
insect:3.744849136969702E-5
simple-math:3.238675583438535E-5
rational-number:2.849558727334293E-5
zol:2.5414296275413976E-5
rpgdicejs:2.2916019769969308E-5
pusher.math:2.0851053129008758E-5
contour_plot:1.9116691173479867E-5
math_example_sean:1.764016964834147E-5
math-extras:1.6368522590215886E-5
more-math:1.5262294733578794E-5
sylver:1.429150314545453E-5
numjs:1.3432963226835558E-5
tiered-numbering:1.2668470579744508E-5
golden-type:1.198353570691485E-5
adnn:1.1366485125711239E-5
squarejs:1.0807810955501829E-5
complex-dice:1.0299692477587142E-5
mathfunctions:9.835638926306327E-6
rawdevjs-math-matrix:9.410219172239336E-6
misual:9.018854631699796E-6
rawdevjs-math-color:8.657658820083768E-6
gannit:8.323311752639555E-6
wolkd:8.012960683492395E-6
pyextjs:7.724140965935018E-6
numjsx:7.454712437688366E-6
eslint-config-groupon-node6:7.202807895591286E-6
json-e:6.966791065502801E-6
ete:6.74522208980929E-6
eslint-config-groupon-es5:6.536829011548506E-6
pocketwrench:6.340484075595535E-6
num4js:6.155183924987254E-6
bigbang:5.980032966523929E-6
eslint-config-groupon-node4:5.814229330194826E-6
jqx-elements:5.657052963235247E-6
math-evalrational:7.577937450631961E-52
math-gamma:7.315543945889045E-54
compute-erfinv:7.618475540623434E-56
math-erf:8.051932738304352E-58
math-erfc:8.080112671133945E-60
compute-erfc:7.07097017538081E-62
math-digamma:4.717845955340677E-64
compute-erfcinv:1.77585129254532E-66
dicetower:1.5481850831143208E-81
gsl-sf:3.173460247962713E-83
stylint-config-groupon:3.3609415101663E-85
