functions:0.9876771877659283
mathjs:0.004951202935162897
math.js:0.002826659045604324
expr-eval:0.0013111274189496823
gamma:8.3358390159611E-4
nearest-periodic-value:5.29972991892215E-4
contained-periodic-values:3.8520149807356877E-4
skipped-periodic-values:3.010218177401932E-4
chi-squared:2.4620219623610126E-4
math:2.402915710788169E-4
es6-math:2.077710629150512E-4
compute-signum:1.793928930660884E-4
compute-erf:1.576131860374619E-4
fparser:1.5277171571928584E-4
math-evalrational:2.2389360649594418E-51
math-gamma:2.161410711285397E-53
compute-erfinv:2.2509132279114655E-55
math-erf:2.3789801272262842E-57
math-erfc:2.387306016471393E-59
compute-erfc:2.0891502790897834E-61
math-digamma:1.3939090322597457E-63
compute-erfcinv:5.246833364338443E-66
