functions:0.9993210208517898
mathjs:2.6648501400804603E-4
expr-eval:1.7963776560680347E-4
math.js:9.830972446237134E-5
gamma:3.8576218917408674E-5
nearest-periodic-value:2.3388250420669543E-5
es6-math:2.0527130215535046E-5
contained-periodic-values:1.6482052373013586E-5
skipped-periodic-values:1.2588530937642872E-5
chi-squared:1.0110395228257634E-5
compute-signum:6.889087159074523E-6
compute-erf:5.9849788678813666E-6
random-pro:1.348209227404359E-14
mathsass:3.304398150625521E-22
coffeelint-config-groupon:3.960382815332929E-27
keen-query:2.4911753215493792E-29
graphy-js:3.3724946336743175E-30
eslint-config-groupon-react:9.340245777471913E-31
insect:3.5481792714265287E-31
simple-math:1.6224830422437118E-31
rational-number:8.396594253316136E-32
zol:4.750195054077106E-32
rpgdicejs:2.8747498417188223E-32
pusher.math:1.8342958301741385E-32
contour_plot:1.2214594228023172E-32
math_example_sean:8.425100210652815E-33
math-extras:5.985471629949266E-33
more-math:4.360572284943234E-33
sylver:3.246406931970787E-33
numjs:2.4629923971914023E-33
tiered-numbering:1.899904754997931E-33
math:1.5527690054472243E-33
golden-type:1.4872630611050221E-33
adnn:1.1796222019993674E-33
squarejs:9.4670605433344E-34
complex-dice:7.679049800854981E-34
mathfunctions:6.289154124642885E-34
rawdevjs-math-matrix:5.196353132004838E-34
misual:4.328159054287763E-34
rawdevjs-math-color:3.6317997016433935E-34
gannit:3.0683435852797264E-34
wolkd:2.6087178394536615E-34
pyextjs:2.230966351652191E-34
numjsx:1.9183342984579672E-34
eslint-config-groupon-node6:1.6579119676346208E-34
json-e:1.4396625654905982E-34
ete:1.2557171937607376E-34
eslint-config-groupon-es5:1.0998580398050153E-34
pocketwrench:9.671357026108093E-35
num4js:8.535831561544171E-35
bigbang:7.560000454419093E-35
eslint-config-groupon-node4:6.717886615139263E-35
jqx-elements:5.988282316825171E-35
fparser:1.7321537028348122E-37
math-evalrational:7.577937450631955E-52
math-gamma:7.315543945889044E-54
compute-erfinv:7.618475540623429E-56
math-erf:8.05193273830435E-58
math-erfc:8.080112671133943E-60
compute-erfc:7.070970175380809E-62
math-digamma:4.717845955340677E-64
compute-erfcinv:1.7758512925453194E-66
dicetower:1.54818508311432E-81
gsl-sf:3.1734602479627094E-83
stylint-config-groupon:3.360941510166303E-85
