app:0.9999999999999982
koa:1.7763568338284306E-15
maya:2.7859087716278665E-24
zzg:7.888518980217569E-31
zackva:2.2517998136852547E-36
