node-sort:0.9999999999999907
popcorn-streamer-server:3.364929862525974E-15
ds.algo:1.6552514567336013E-15
mdn-data:1.345494896054496E-15
quick-sort:1.1800998546418343E-15
js-quicksort:4.786481540980327E-16
q-sort:4.0478010483388056E-16
sort-algorithms-js:2.713215936644945E-16
sort-algorithms:1.5356368520541393E-16
s:1.0444932679182112E-16
so:1.0444932679182112E-16
sor:1.0345999230942811E-16
sort:1.0345999230942811E-16
pet-api:8.315830662963727E-17
znetstar-olympus:8.215541962008819E-17
sort-algo:8.181660644118647E-17
sorting:6.080680121749103E-17
algo-sort-bubble:5.661229406268779E-17
qsort.js:4.3688265353481816E-17
via-sort:3.4431889305886927E-17
algo-quick-find:2.977490216188283E-17
bubble-sort-js:7.518264439829087E-18
ykd3:6.5255418256470574E-18
algo-sort-jumpdown:3.0357660829593785E-18
democracyos-natural-sort:4.2348688108490795E-20
algo-sort-comb:7.423157447172104E-21
drop-merge-sort:2.7930428833811195E-21
mergesort:7.545354027418452E-23
ndarray-select:1.7742987316465527E-77
loganalysis:0.0
mdn-browser-compat-data:0.0
jsonfp:0.0
js-sorting-algorithms:-2.206732535744014E-90
olical-binary-search:-4.131990853220078E-55
sugar-string:-1.996369812367132E-50
lodash310patch:-1.1896298676896434E-48
underscoreWithTypings:-2.3377898131066676E-48
amd-utils:-9.519004396632189E-47
jsbin:-3.379311044543345E-44
algo-sort-cocktail:-8.677179680703217E-27
ljz:-6.521419132586288E-25
insertion-sort-js:-8.250623172515432E-24
quick-sort.js:-6.1320697518999005E-21
wasm-sort:-3.2805586047158686E-18
algo-quick-union:-2.4035406911287758E-17
kuhwick:-1.5084640351062216E-16
