sort:0.4980315798715585
stable:0.4980315798715585
js-sorting-algorithms:0.001510924061386549
sorting:5.839992086597109E-4
ndarray-select:5.473234476353748E-4
js-quicksort:2.4189707274654878E-4
sort-algorithms:2.388456126568369E-4
sort-algorithms-js:2.0138272843613387E-4
sort-algo:1.6706395628556065E-4
via-sort:1.519055009156687E-4
qsort.js:1.0952110584358209E-4
ds.algo:8.77686900338388E-5
quick-sort:6.286031422254415E-5
node-sort:3.3348558060512514E-5
jsonfp:5.551115123125785E-17
mergesort:4.379057701015055E-47
