sort:0.49828553684472415
stable:0.49828553684472415
js-sorting-algorithms:0.0013336054505701902
sorting:5.175336009691498E-4
ndarray-select:4.81764991803441E-4
js-quicksort:2.1250353400883442E-4
sort-algorithms:2.1047884391934334E-4
sort-algorithms-js:1.774818735380472E-4
sort-algo:1.4777672339027912E-4
via-sort:1.3332383389874796E-4
qsort.js:9.60660728649728E-5
quick-sort:5.498297898385576E-5
ds.algo:3.380341904417911E-5
node-sort:2.9604987560843055E-5
mergesort:4.670994881082724E-47
