stable:0.8225378327056098
sorting:0.05349896824013961
js-sorting-algorithms:0.046906007806311774
sort:0.027024502766081128
ndarray-select:0.01658806516759413
js-quicksort:0.008010639334630202
via-sort:0.005249189483492101
ds.algo:0.004395125873820618
sort-algorithms:0.004163480368435817
qsort.js:0.003892053089671747
sort-algorithms-js:0.003135942135154372
quick-sort:0.0027282338387703987
node-sort:0.0018699591902882743
sort-algo:8.326672684688672E-17
jsonfp:5.55111512312578E-17
mergesort:7.732456725465157E-41
