algorithms:0.3333333333205276
ranks:0.3333333333205276
ranked:0.3333333333205276
genes:3.788477893507221E-11
aggregation:4.2595985055444724E-13
algorithmic:1.0648996263861178E-13
computer-science-in-javascript:1.5464913450930315E-40
statsd:6.950371402048197E-44
