algorithms:0.3333333333333333
ranks:0.3333333333333333
ranked:0.3333333333333333
genes:1.3805065754808667E-30
algorithmic:1.3805065754808667E-30
aggregation:4.3268414271917426E-39
statsd:5.554166440857144E-43
computer-science-in-javascript:8.758115402030114E-47
