easynexmo:0.09998544538377525
micro-app-notify-client:0.09998544538377525
sms-link:0.09998544538377525
bipsms:0.09998544538377525
frank-node-sms:0.09998544538377525
ali-sms:0.09998544538377525
x-sms:0.09998544538377525
byteskode-sms:0.09998544538377525
smsaero:0.09998544538377525
react-native-android-sms-listener:0.09998544538377525
send-sms:6.681240445365606E-5
sending-sms:2.4001391160961192E-5
thehelp-messaging:1.7217052907601607E-5
thehelp-last-ditch:1.2093767872375586E-5
upmon-sms:9.647435597498553E-6
node-red-node-twilio:8.506818042247981E-6
node-bulk-sms:5.801023503438799E-6
moleculer-twilio:8.016210577771879E-7
trailpack-twilio:6.646476518334066E-7
pswincom-gateway:1.8103664821515656E-45
react-native-send-intent:2.2549261802569465E-47
smsapicom:3.6467534952829164E-49
sms-device:7.209557501086805E-51
nimbow-client:1.6624953492417778E-52
tz-command:4.305918997334326E-54
weimi:1.2138397206585732E-55
react-native-sms:3.6242176669540345E-57
cordova-sms-plugin-no-send-sms-permission:2.7885540571279604E-58
smsconnect:1.1182232774152867E-58
zhoujianhui-cordova-plugin-sms:3.483035220870996E-60
sms:2.117021900763899E-60
cordova-mysms-plugin:1.0698999385448374E-61
react-native-send-sms:1.2469298082233872E-62
smsexpress:3.1614167933937803E-63
hubot-xmatters:8.735628290414245E-65
springedge:4.203304842361026E-65
look-out:2.1804015328062625E-66
postnewman:4.6934364244287516E-68
universal-twilio:8.129918944354336E-70
hook.io-twilio:1.0032646517514948E-71
o2sms:6.59216296964575E-74
