sentiment:0.9121351828662088
analysis:0.08786401697011924
Sentimental:8.001599559096412E-7
sentiment-polish:1.2883208382627175E-12
sentiment-v2:5.53501068052717E-13
afinn-165:4.956757818459499E-13
dracula-sentiment:3.1672396597216787E-13
sentimental:2.343454904427975E-13
empath-sentiment-analysis:2.0833286271947925E-13
sentiment-swedish:1.4891867273382845E-13
personify:1.1251581855606306E-13
afinn-111:9.107579540592324E-14
emoji-emotion:8.844956811660203E-14
sentiment-ptbr:6.384079112849648E-14
sentiment-alyze:6.036572032637867E-14
afinn-96:1.6986565713159795E-14
hubot-sentiment:1.491001204517526E-14
node-sentiment:1.3208828663604868E-14
sentiment-analysis:9.031606805881677E-15
senti:1.7182963148418935E-46
sentiword:1.7182963148418935E-46
stanford-corenlp:3.1667334621155288E-55
emojimation:2.999400780036668E-55
ml-sentiment:4.395392764686875E-56
node-dlp-sentiment:3.552713678800509E-67
