sediment:0.9744133256217552
analysis:0.02550358844659365
troll:1.7750354708488237E-5
sentiment:1.5811741215461765E-5
made-in-denmark:6.967353408919317E-6
personify:4.769098428493098E-6
Sentimental:4.503979240987006E-6
google-nlp:3.421379999613573E-6
datasets-liu-negative-opinion-words-en:2.5900108121221045E-6
compendium-js:2.0655501206667594E-6
afinn-165:1.8721741269932831E-6
sentiment-v2:1.7473024380430154E-6
datasets-liu-positive-opinion-words-en:1.7070409130960252E-6
sentiment-polish:1.7002313581395286E-6
lexemic:1.447792229635124E-6
sentiment-swedish:1.4106460249057099E-6
empath-sentiment-analysis:1.2913286079010325E-6
mad-science-modules:1.2523464267979039E-6
afinn-111:1.1095498382125497E-6
awesome-mad-science:1.100191122312306E-6
emoji-emotion:1.0158206349761E-6
dracula-sentiment:1.0069935679752605E-6
spanishdal:9.786738345712278E-7
afinn-96:8.552784438744161E-7
made-in-netherlands:7.159600397789581E-7
sentiment-french:6.171837584526744E-7
sentiment-multilang:5.777177227667502E-7
sentimentjs:5.426224751141615E-7
heatjs:5.112288766150543E-7
influence:4.3684586460757046E-7
emojimation:3.9734882443148834E-7
sentiment-ptbr:2.8469164532832334E-7
sentimental:2.3624918516165488E-7
hubot-sentiment:1.5684008418338232E-7
sentiment-alyze:1.507790399434444E-7
sentiment-analysis:1.420743937106801E-7
ml-sentiment:1.3769432592172924E-7
vh-sentiment:1.24663490041717E-7
viralheat-sentiment:1.1977763916555165E-7
node_alchemy:1.152299749466662E-7
sentiment-zh_cn:1.1098755019765034E-7
this-is-probably-ok-to-say:1.045555741783936E-7
emotions-multilang:1.0102693452304844E-7
npmtest-salient:9.77095327602631E-8
nlp-node:9.458549726490564E-8
node-sentiment:7.966965564431088E-8
havenondemand:6.581743637869541E-8
uncensor:6.386705417261458E-8
alchemy-api-nav:6.201952963503142E-8
sentiyapa.js:6.026717245256815E-8
emotional-emoticons:5.860302900223692E-8
rangen:5.596867102804574E-8
node-red-node-alchemy-sentiment:5.452186684072162E-8
corenlp-js-interface:5.31418254867639E-8
iod-node:5.1824166558846975E-8
sentiment-custom-lists:5.056487891463647E-8
sentiword:1.7825857135164238E-8
npmdoc-salient:1.4282317045110434E-8
npmdoc-sentiment:1.3954911961941738E-8
node-dlp-sentiment:1.3757475280465941E-8
nlp_sf:1.3640936318550992E-8
grandiloquent:1.3190365766757797E-8
emotional:1.2909211550410112E-8
indiansentiment:1.2638794331395715E-8
corenlp-js-prefab:1.2378529041305368E-8
sentiment-spanish:1.212787171241299E-8
semantria-node:1.1886315963929864E-8
alchemy-news-api:1.1653389840481404E-8
crunchable:1.142865296246873E-8
npmtest-sentiment:1.1211693953155187E-8
advanced-sentiment:9.552462797620721E-9
datumbox:9.37924074931555E-9
alchemy-api:9.054720946343003E-9
npm-collection-language-tools:8.897561804814486E-9
salient_for_meteor:8.745305501209204E-9
botbuilder-handoff:8.597733112797117E-9
made-in-brazil:8.454638357272038E-9
hashpokemongo:8.315826701949907E-9
jarvis-bot:8.181114546784396E-9
senti:7.96327600103344E-9
stanford-corenlp:7.877648728204609E-9
atsaty:1.0579146228098972E-10
outengine:1.0414360861078146E-10
korean-sentiment-analyzer:1.0254195662368682E-10
salient:1.0098464961160888E-10
watson-developer-cloud:9.94699274831639E-11
lexicons:3.9712529479071556E-11
bank-fan:3.913813416238506E-11
multi-sentiment:3.8578706653890675E-11
gotsentimental:3.8033687407867114E-11
malver:3.750254398737314E-11
playbulb:3.6984769457756023E-11
botfuel-nlp-sdk:3.6479880892342995E-11
indico.io:3.598741798132236E-11
terrasentiments:3.5506941735632844E-11
sentiment140-nodejs-client:3.503803327841038E-11
sentiment140:3.458029271719945E-11
ember-semantic-analysis:3.413333809073008E-11
chronist:3.369680438459727E-11
neural-now:3.327034261066467E-11
speakeasy-nlp:3.2853618945452353E-11
watson-developer-cloud-async:3.244631392316642E-11
ss-message:3.2048121679387984E-11
intercom-to-mongodb:3.16587492417667E-11
bot_handoff:8.707298980010109E-102
made-in-india:1.3274775031437777E-103
