ember-cli-cordova-auth:0.6086216753811212
passport-oauth2:0.33670781106266956
external:0.05466136398078032
bell:4.173096280577041E-6
bell-oidc:2.137650912237419E-6
plug-auth-client:1.826105170393144E-6
plug-auth-server:1.0127230657003105E-6
hawk:8.813483979079335E-21
passport-tanda:2.4525309190033243E-25
passport-openid:2.4525309190033243E-25
aurelia-authentication:3.570659137138356E-30
protoculture-hapi:1.1368215507223856E-30
travelogue-resurrected:4.726367491409306E-31
travelogue-hapi4:2.3101713678547434E-31
restla:1.2603960132601762E-31
hubot-flowdock-attend-own-account:7.449280170141234E-32
loopback-passport:6.610878572489191E-32
retsly-js-auth:4.4884556389805044E-32
backendjs:3.553155252793198E-32
node-sp-auth:3.5013007072903387E-32
feathers-horizon:2.4353516167946345E-32
fireauth:1.771356170789656E-32
hubot-flowdock:1.723927924646387E-32
passport-oauth2-resource-owner-credentials:1.6252835783745215E-32
hubot-flowdock-resin:4.8761545206633034E-33
derby-user-providers:2.24654303132922E-46
punch-auth:6.929732919580818E-50
firebaseauth:3.172065784643315E-67
