ember-cli-cordova-auth:0.5678479911791834
passport-oauth2:0.21607484283268208
external:0.21607484283268208
bell:9.81275222708229E-7
bell-oidc:5.804932361213417E-7
plug-auth-client:4.951092658581769E-7
plug-auth-server:2.6627772775069066E-7
passport-tanda:1.3081708092263546E-30
passport-openid:1.3081708092263546E-30
hawk:1.3081708092263546E-30
aurelia-authentication:1.3050830769526245E-30
protoculture-hapi:3.913694614937566E-31
travelogue-resurrected:1.5650749867699905E-31
travelogue-hapi4:7.432696214577418E-32
restla:3.9635094175890235E-32
hubot-flowdock-attend-own-account:2.2985497913816412E-32
loopback-passport:1.926586940060039E-32
retsly-js-auth:1.4288217853058675E-32
backendjs:1.0835605079036736E-32
node-sp-auth:8.581830388695654E-33
feathers-horizon:7.334270372315908E-33
passport-oauth2-resource-owner-credentials:5.283344001424628E-33
fireauth:5.2803222518517754E-33
hubot-flowdock:5.1336116718180624E-33
hubot-flowdock-resin:1.2374744582391584E-33
derby-user-providers:2.2465430313292206E-46
punch-auth:6.929732919580818E-50
firebaseauth:3.172065784643312E-67
