passport-oauth2:0.49999999758794283
external:0.49999999758794283
bell:4.824112290375651E-9
plug-auth-client:1.9984014296992657E-15
bell-oidc:7.312998101460352E-24
plug-auth-server:6.2119250350724394E-30
passport-tanda:2.3008443068909137E-31
passport-openid:2.3008443068909137E-31
hawk:2.3008443068909137E-31
retsly-js-auth:8.863216009782696E-35
passport-oauth2-resource-owner-credentials:6.487765517904435E-39
fireauth:1.2483114415861672E-42
node-sp-auth:2.7770832204285674E-43
derby-user-providers:3.931450304826134E-46
loopback-passport:4.3790577010150524E-47
punch-auth:1.212703260926642E-49
