translate:0.6666666666666664
entongue:0.3333333333333333
american-british-english-translator:2.9605947323337506E-16
