compute-cosine-similarity:0.906754622933317
didyoumean2:0.005180298725926833
image-ssim:0.005180298725926833
dom-node-similarity:0.005180298725926833
color-similarity:0.005180298725926833
jaccard-index:0.005180298725926833
ml-distance:0.005180298725926833
levsimilarity:0.005180298725926833
jaccard-similarity-sentences:0.005180298725926833
peaks-similarity:0.005180298725926833
sentence-similarity:0.005180298725926833
compute-cosine-distance:0.005180298725926833
nearest-neighbor:0.005180298725926833
jaccard-stream:0.005180298725926833
similarity-matrix:0.005180298725926833
covectric:0.005180298725926833
marc-record-similarity:0.005180298725926832
textsimilarity:0.005180298725926832
word2vec:0.005180298725926832
string-similarity:2.4689142938570525E-45
similarity:2.4689142938570525E-45
similar:2.4689142938570525E-45
