solvemedia:0.5999942910092292
homosapien:0.39999714550461457
jacket-captcha:2.8544953854119266E-6
googleclientlogin:2.8544953854119177E-6
captcha:2.8544953854119177E-6
