jacket-captcha:0.3999971455046146
googleclientlogin:0.2999999999991917
captcha:0.2999999999991917
homosapien:2.854495385411925E-6
solvemedia:1.6165625549295259E-12
