mailcheck:0.6972286524563275
email-check:0.13562393021261548
email-existence:0.07935633373921981
formula-isemail:0.0785322162269575
testdata-newtld-email:0.008475659324936902
email-exists:7.606790364947959E-4
legit:1.044377955162837E-5
tcomb-additional-types:8.335894504785239E-6
validate-email-dns:2.1518128622147357E-6
mailgun-email-validation:8.912088968261044E-7
validate-email:5.726668170084458E-7
emailaddress:4.392781537160263E-8
person:4.3927815371602624E-8
emailvalidator:4.3927815371602624E-8
validate-email-shootout:1.775888069965404E-9
enhanced-email-deep-validator:7.857162645450637E-11
email-address-check:2.8276732362321608E-12
is-email-like:8.037200186152147E-14
testdata-valid-email:1.7396739573462118E-15
is-email-node:2.7389200949427727E-17
email-deep-validator:2.955929292681341E-19
testdata-invalid-email:2.02040113688317E-21
validate.io:7.825349470846171E-24
nice-is-email:1.4464891853501326E-26
isemail:9.119301163205958E-30
