isemail:0.6586963681582354
person:0.08289902183965384
emailvalidator:0.08289902183965384
emailaddress:0.08289902183965384
nice-is-email:0.08206030090640655
validate.io:0.009352086840571474
testdata-invalid-email:9.68400913549189E-4
validate-email-dns:1.269159185231731E-4
email-deep-validator:9.05654803891708E-5
is-email-node:7.639221720002656E-6
testdata-valid-email:5.927395713193803E-7
is-email-like:4.7448960761605424E-8
email-address-check:5.912054971840531E-9
email-check:5.715719245151093E-9
enhanced-email-deep-validator:1.7152171131408566E-9
validate-email:9.32169950555562E-10
validate-email-shootout:8.363118900168256E-10
legit:5.839990935228883E-10
email-existence:3.9230473457988373E-10
mailgun-email-validation:2.6213209154226647E-10
tcomb-additional-types:1.8723636515503924E-10
mailcheck:1.6885177354716263E-10
email-exists:5.993544556249384E-11
testdata-newtld-email:4.794835644865835E-11
formula-isemail:3.9230473457988384E-11
