isemail:0.6726614808730946
person:0.12067075972589343
nice-is-email:0.08439157624704943
emailvalidator:0.051060953807219374
emailaddress:0.051060953807219374
validate.io:0.009746385635751626
validate-email-dns:0.009233113312633334
testdata-invalid-email:0.0010407436830138586
email-deep-validator:1.0664180102125045E-4
is-email-node:1.2455334855521197E-5
email-check:8.18336772983347E-6
testdata-valid-email:2.5646728279513078E-6
is-email-like:1.0704430110192474E-6
validate-email:9.96365417446016E-7
email-address-check:6.249644763444099E-7
email-existence:4.546429313405511E-7
enhanced-email-deep-validator:4.1548824530513516E-7
validate-email-shootout:2.9669360760139233E-7
mailgun-email-validation:8.707231826166615E-8
tcomb-additional-types:6.965642782400379E-8
legit:4.8241467216968504E-8
email-exists:4.822036074527511E-8
testdata-newtld-email:4.0801733260277443E-8
formula-isemail:3.4972842432374904E-8
mailcheck:1.6885177354716227E-10
