espeak:0.6038330148339721
bingspeechrecognition-api:0.22984915037817197
iobroker.sayit:0.10356821878920865
cordova-plugin-tts:0.04333240880200185
festival:0.014658264414100668
nativescript-speech-recognition:0.0026866940321697134
react-speech-recognition:9.07815846681175E-4
node-red-contrib-voicerss-tts:7.793282784213482E-4
aws-tts:2.3650866956993768E-4
linear16:1.4145971723917281E-4
annyang:6.196085954606058E-6
vui-ad-hoc-alexa-recognizer:7.136238463529821E-7
microsoft-speech-browser-sdk:2.202340349215091E-7
watson-speech:6.161952652149495E-9
talkify-tts:1.3065429392277196E-10
accessibility:6.7356757863824E-13
tts:6.735675786382399E-13
voices:6.735675786382399E-13
text-to-speech:2.288735959563637E-19
text-to-speech-js:2.288735959563637E-19
