spritesheet-templates:0.9365452537601024
write-yaml:0.06001551527952709
pcm-convert:0.0032830293644203683
csf-convert:1.5039100152301939E-4
spritesheet-templates-steamer:5.6383694361419405E-6
nodejs-jekyll-to-ghost:1.682924133435585E-7
json-transmute:3.866232502288522E-9
fhir-converter:6.556075929031037E-11
insightly-to-vcard:7.784253452669482E-13
pdf-extract:6.047101169536135E-15
json2lcov:2.8110200675589567E-17
spritesheet-templates-x3:6.929096006265638E-20
argumints:7.645379700253884E-23
metrics2xlsx:2.946051608691092E-26
aoot:2.697935817069438E-30
movingai2json:3.0805320010278194E-35
tsvert:1.3084295434996567E-41
kifu-parser:1.3680316033137197E-50
converter:6.075280737655044E-66
