converter:0.9365452537601022
kifu-parser:0.0600155152795271
tsvert:0.0032830293644203687
movingai2json:1.5039100152301958E-4
aoot:5.638369436141936E-6
metrics2xlsx:1.682924133435584E-7
argumints:3.866232502288516E-9
spritesheet-templates-x3:6.556075929031035E-11
json2lcov:7.784253452669484E-13
pdf-extract:6.047101169536125E-15
insightly-to-vcard:2.8110200675589523E-17
fhir-converter:6.92909600626563E-20
json-transmute:7.645379700253884E-23
nodejs-jekyll-to-ghost:2.946051608691091E-26
spritesheet-templates-steamer:2.697935817069437E-30
csf-convert:3.0805320010278173E-35
pcm-convert:1.3084295434996557E-41
write-yaml:1.368031603313717E-50
spritesheet-templates:6.075280737655035E-66
