text-to-speech:0.32358271181798715
text-to-speech-js:0.32358271181798715
vui-ad-hoc-alexa-recognizer:0.2558926005610045
node-red-contrib-voicerss-tts:0.07487115561981687
aws-tts:0.018205488777714256
accessibility:9.447832784544964E-4
tts:9.447832784544964E-4
voices:9.447832784544964E-4
react-speech-recognition:7.43489814726747E-4
iobroker.sayit:2.5768876036600557E-4
festival:2.886284252491689E-5
bingspeechrecognition-api:7.136238463529807E-7
talkify-tts:2.2023403492150859E-7
watson-speech:6.1619526521494774E-9
microsoft-speech-browser-sdk:1.306542939227718E-10
annyang:1.999850389222317E-12
linear16:2.071957767663252E-14
nativescript-speech-recognition:1.3276901576310584E-16
cordova-plugin-tts:4.57113366612612E-19
espeak:6.338253001141154E-22
