text2png:0.9999999999999996
text-to-svg:4.440892098500626E-16
