text-to-svg:0.9999999999999996
text2png:4.440892098500626E-16
