card-js:0.296486022887721
card-validator:0.24195801903101236
credit-card-type:0.19993938171992717
validity:0.19993938171992717
react-card-input:0.027271176319183715
credit-card:0.02207404661820383
mod10:0.005392053672429443
jquery.payment:0.0040557055910535236
angular-credit-cards:0.0013622383912838042
creditcard.js:8.181163078247432E-4
joi-creditcard-extension:5.231062074526914E-4
bp-creditcards:9.08691979248383E-5
payment:6.182379469588442E-5
creditcards-types:2.1030113135032216E-5
credit-card-validation:4.985767314791963E-6
npmdoc-credit-card:1.5722113986520907E-6
luhn:3.0855344098016205E-7
isccnumber:3.3888220281828153E-8
luhn-alg:3.1164879222762736E-8
payform:2.785661150675765E-8
is2:2.1898986067029342E-8
credit-card-validate:1.3754530518047275E-8
creditcardutils:1.3754530518047268E-8
vava:8.099155493425329E-9
node-luhn:2.386105828498775E-9
stripe-card-validator:2.365881028814394E-9
credit-card-validator:1.1052802497893368E-9
card-validate:9.541002845493983E-10
angular-card:5.649346215354763E-10
react-credit-card:5.649346215354763E-10
card:5.649346215354763E-10
card-react:5.649346215354763E-10
ember-credit-card:5.649346215354763E-10
cc-validator-node:5.171153350636155E-10
angular-credit-cards-release:3.7818150356683883E-10
npmtest-credit-card:3.3439409845337257E-10
parsley-payment:2.372027290799923E-10
luhn-check:1.7767350551202484E-10
credit-card-es6:1.381634151513564E-10
angular.validators:5.3421995298043756E-11
bp-angular-credit-cards:6.39871102117565E-12
valid-card-number:5.6506929254313E-13
gi-commerce:3.839987654887655E-17
is2-2:1.9718698011292658E-18
