is2-2:0.28355113446195634
valid-card-number:0.19105605441198537
gi-commerce:0.07740435617730695
angular-card:0.07193223283345615
react-credit-card:0.07193223283345615
card-react:0.07193223283345614
card:0.07193223283345612
ember-credit-card:0.0719322328334561
bp-angular-credit-cards:0.053840794104138424
angular.validators:0.01435201635235307
credit-card-es6:0.008774655526913182
angular-credit-cards-release:0.00355587602371236
luhn-check:0.002415233448856725
credit-card-validator:0.0024076881020409983
credit-card-validate:0.0011937521841169898
node-luhn:7.90201421477998E-4
parsley-payment:6.398828303084312E-4
npmtest-credit-card:1.626113175966664E-4
creditcardutils:1.4333641599153957E-4
cc-validator-node:3.946681340673995E-5
card-validate:9.098596672915959E-6
stripe-card-validator:1.979440787949145E-6
vava:4.042795659092268E-7
creditcards-types:1.2388094433171063E-7
isccnumber:7.838263101104886E-8
payform:5.5076269234139805E-8
is2:1.613688971330743E-8
luhn-alg:8.03780899729652E-9
luhn:6.953065177919166E-9
npmdoc-credit-card:4.3399527730455175E-9
angular-credit-cards:8.714510196316652E-10
payment:1.496790604417535E-10
credit-card-validation:5.898165567901566E-11
bp-creditcards:1.9610256307542617E-11
credit-card-type:5.3181784299542886E-12
validity:5.3181784299542886E-12
jquery.payment:1.966244471883349E-12
card-validator:1.043173583833575E-12
joi-creditcard-extension:9.598900858250612E-13
creditcard.js:7.212950534699406E-13
credit-card:5.0351166391327E-13
mod10:3.1961096080928023E-13
react-card-input:9.719138067810825E-14
card-js:1.9718698011292592E-18
