card-js:0.29349023356391263
card-validator:0.24296805330916962
credit-card-type:0.20111731523006754
validity:0.20111731523006754
react-card-input:0.026956006913965647
credit-card:0.021984897940581526
mod10:0.005363395759239248
jquery.payment:0.004096136858465675
angular-credit-cards:0.0013740331947472385
creditcard.js:8.226278956730842E-4
joi-creditcard-extension:5.233141021660473E-4
bp-creditcards:9.10599938885076E-5
payment:6.603124946351483E-5
creditcards-types:2.1368965524482204E-5
credit-card-validation:5.329412344380962E-6
npmdoc-credit-card:1.7181195474542453E-6
luhn:3.9661788626751066E-7
payform:1.3385198238368016E-7
credit-card-validate:1.1395717694668682E-7
luhn-alg:8.123214041791314E-8
isccnumber:5.863685812852354E-8
angular-card:5.726105578411109E-8
react-credit-card:5.726105578411109E-8
card-react:5.726105578411109E-8
ember-credit-card:5.726105578411109E-8
is2:5.24015047332365E-8
vava:2.2853752381056123E-8
credit-card-validator:2.0209784402466525E-8
creditcardutils:1.3754530518047237E-8
stripe-card-validator:1.1903847500858904E-8
card-validate:7.542654479283178E-9
cc-validator-node:5.31349183970648E-9
npmtest-credit-card:3.97265946353281E-9
parsley-payment:3.087969473521753E-9
luhn-check:2.4701244804454966E-9
node-luhn:2.3861058284987714E-9
credit-card-es6:2.020981857908922E-9
card:5.64934621535476E-10
angular-credit-cards-release:3.7818150356683774E-10
angular.validators:5.3421995298043666E-11
bp-angular-credit-cards:6.3987110211756396E-12
valid-card-number:5.65069292543129E-13
gi-commerce:3.839987654887648E-17
is2-2:1.9718698011292608E-18
