valid-card-number:0.437610350938062
card:0.09878152310821608
card-react:0.09878152310821608
ember-credit-card:0.09878152310821607
angular-card:0.09878152310821603
react-credit-card:0.09878152310821603
bp-angular-credit-cards:0.06008757049516758
angular.validators:0.007477987844164519
angular-credit-cards-release:8.260173893205313E-4
node-luhn:7.776293630822036E-5
credit-card-validate:6.668297149825363E-6
creditcardutils:5.579031041677519E-6
credit-card-validator:4.0518406559347497E-7
is2:3.628147807955321E-8
payform:6.050229869210158E-9
creditcards-types:8.522048094230465E-12
luhn-alg:1.9887523146092493E-12
luhn:1.4204867990664725E-12
angular-credit-cards:3.738943351477462E-16
credit-card-validation:8.724777292710706E-17
payment:6.231880915685998E-17
credit-card-type:3.0636917355999327E-21
validity:3.0636917355999327E-21
creditcard.js:1.7128273750471954E-21
jquery.payment:1.2367876042266148E-21
credit-card:9.349904827381913E-22
card-validator:6.009505563642127E-22
