speak-tts:0.5916241866265792
detect-character-encoding:0.38236734776133285
detect-lang:0.016562844236879825
language-detect:0.008965596471977018
tika:3.4810793909899166E-4
italiano:1.2673727520436126E-4
polarity:5.1340286961999635E-6
retext-sentiment:4.5647465790732445E-8
retext-language:5.039899650719192E-12
franc-cli:3.98507566246238E-12
languagedetect:2.5950815978809983E-12
franc-all:7.246557069234205E-13
franc-min:4.2112527762167493E-13
guesslanguage:6.697683346369181E-18
franc:1.0868843819975116E-18
