franc:0.5597133403185879
guesslanguage:0.43934455577856396
franc-min:5.989400043934033E-4
languagedetect:3.3363050037008506E-4
franc-all:4.775377012331586E-6
retext-language:4.756967078057876E-6
franc-cli:5.296016681710213E-10
retext-sentiment:5.206207650880793E-10
polarity:2.1509399533101414E-12
italiano:1.6135780305322657E-12
tika:4.473025817141163E-15
language-detect:2.982644007886208E-15
detect-lang:3.759933652185137E-18
detect-character-encoding:1.880389376292644E-18
speak-tts:8.451004001521561E-22
