franc:0.5589980802713095
guesslanguage:0.43924969253884993
languagedetect:8.534222024787554E-4
franc-min:7.274448180654016E-4
language-detect:1.0317071674203794E-4
italiano:2.6030554070387573E-5
franc-all:2.3856996755647743E-5
retext-language:1.0841719989881058E-5
franc-cli:6.508160500465614E-6
detect-character-encoding:9.514984618039771E-7
retext-sentiment:5.206207650880793E-10
polarity:2.150939953310141E-12
tika:4.473025817141162E-15
detect-lang:3.759933652185137E-18
speak-tts:8.451004001521564E-22
