aegis-js:0.7935168203638918
dominus:0.13209732401582122
jvg:0.06832019080689805
sebastiendaniel-utilities:0.005442267912895061
eurostar-dom-utility:4.5083399716205045E-4
bti-dom-utils:6.174769791445435E-5
dom101-2:5.807047142863733E-5
dom-util:1.9492805247522144E-5
quasi:1.7036929710633543E-5
css-util:9.172008300884041E-6
tnt-dom:2.7522171396901515E-6
direct:2.397092799228266E-6
elementsJS:1.8344134933118802E-6
dom-utils:5.9267294341281206E-8
domanip:3.0086078315739418E-15
react-classset:2.203423559183067E-17
tagbuildr:9.48305382391912E-20
dom101:2.1036073365903686E-22
ng-html-util:1.989340304615883E-25
tsdom:5.961899098300171E-29
realdom:3.275790999908478E-33
