realdom:0.7827163239577652
dom-utils:0.13455202600263064
tsdom:0.06763256075192237
direct:0.007985598348992099
ng-html-util:0.005578600684576183
dom101:5.615965769910162E-4
dominus:3.1951850552033834E-4
bti-dom-utils:3.1951850552033834E-4
tagbuildr:1.2057263306566216E-4
css-util:7.455501868279567E-5
react-classset:5.390008757637142E-5
dom-util:3.9939813192996785E-5
domanip:3.1975826281394405E-5
elementsJS:7.607599423192217E-6
tnt-dom:5.705687859320764E-6
quasi:2.2034235591830688E-17
dom101-2:9.483053823919127E-20
eurostar-dom-utility:2.1036073365903722E-22
sebastiendaniel-utilities:1.9893403046158857E-25
jvg:5.961899098300178E-29
aegis-js:3.275790999908481E-33
