realdom:0.7134096890669731
dom-utils:0.2094878416852494
tsdom:0.058632524855449286
direct:0.01337780543710232
ng-html-util:0.004219635846816786
bti-dom-utils:5.958427375722485E-4
dom101:2.6201862701666026E-4
tagbuildr:1.386908937085129E-5
react-classset:6.46682652650681E-7
dominus:5.9267294341281206E-8
domanip:4.001475343786781E-8
css-util:1.4329418225019232E-8
dom-util:7.408411803724677E-9
elementsJS:3.0996502311533476E-9
tnt-dom:1.8522686555576057E-9
quasi:2.2034235591830666E-17
dom101-2:9.48305382391912E-20
eurostar-dom-utility:2.1036073365903729E-22
sebastiendaniel-utilities:1.9893403046158838E-25
jvg:5.961899098300176E-29
aegis-js:3.2757909999084806E-33
