grooveshark-downloader:0.4999633717269609
vexflow-musie:0.4999633717269609
grooveshark-streaming:3.6628011650966564E-5
music:1.831413651952867E-5
videos:1.831413651952867E-5
eat-daily-jam:2.613880909139925E-10
