eat-daily-jam:0.4999633717269609
music:0.24999999986930593
videos:0.24999999986930593
grooveshark-streaming:3.662801165096658E-5
grooveshark-downloader:2.613880909139924E-10
vexflow-musie:2.613880909139924E-10
