video:0.49793848991707235
snape:0.49793848991707157
webvd:0.002057228339849928
download-cli:6.871700273732558E-4
ndownload:6.871700273732558E-4
manifest:6.871700273732558E-4
peardownloader:4.278146148032594E-6
jul11co-webdl:3.596121804017346E-9
evdh:8.082812774647622E-13
download:8.082812774647622E-13
