evdh:0.49793848991707207
download:0.49793848991707185
jul11co-webdl:0.002057228339849929
download-cli:6.871700273732535E-4
ndownload:6.871700273732535E-4
manifest:6.871700273732535E-4
peardownloader:4.278146148032595E-6
webvd:3.596121804017345E-9
snape:8.082812774647618E-13
video:8.082812774647618E-13
