video:0.49793848991707224
snape:0.49793848991707146
webvd:0.002057228339849928
download-cli:6.871700273732558E-4
ndownload:6.871700273732558E-4
manifest:6.871700273732558E-4
peardownloader:4.278146148032593E-6
jul11co-webdl:3.5961218040173457E-9
evdh:8.082812774647619E-13
download:8.082812774647619E-13
