quagga:0.2916666666562949
exif:0.2916666666562949
extract:0.2916666666562949
bytescout:0.12500000000000003
barcode-reader:3.1114743322398304E-11
bwip-js:3.3306678163887864E-16
barcode-js:1.257486683632011E-22
jaguar:9.86076131526265E-32
