quagga:0.3333333332425809
exif:0.3333333332425809
extract:0.2083333332503599
bytescout:0.125
barcode-reader:2.411418420171192E-10
bwip-js:2.3336085247374358E-11
barcode-js:2.2204454205069712E-16
jaguar:6.287433423090433E-23
