jaguar:0.8740549301365986
bytescout:0.12499999999999997
barcode-js:9.447159123661149E-4
bwip-js:3.5391992019044663E-7
barcode-reader:3.1114743322398323E-11
quagga:1.1102230246251563E-16
exif:1.1102230246251563E-16
extract:1.1102230246251563E-16
