windows.devices.pointofservice:0.6562040795963546
bittorrent-tracker:0.170476190474046
webtorrent-tracker:0.17047619047404597
quantified:0.0028372449232236968
torrent-tracker-health-ce:6.288653878339515E-6
carotte-dashboard:5.869557385170857E-9
health:4.510892880803413E-12
torrent-tracker-health:2.7858661368672003E-12
webtorrent-health:8.687185932195271E-13
lifetracker:7.285236753587474E-13
