webtorrent-health:0.7307564304855416
health:0.2666666379768665
lifetracker:0.0025768418712632584
torrent-tracker-health:7.887553829896493E-8
carotte-dashboard:7.191435326757232E-9
webtorrent-tracker:1.7984650426474043E-9
bittorrent-tracker:1.7984650426474043E-9
torrent-tracker-health-ce:2.4246661967103458E-12
quantified:1.7763441628942461E-16
windows.devices.pointofservice:1.2676506002282315E-21
