random-pro:0.3641430098575566
mathjs:0.17184945753327283
mathsass:0.1639340198447881
coffeelint-config-groupon:0.07258671252587857
functions:0.0621212144051879
expr-eval:0.05080692845160412
gamma:0.03442911478182789
keen-query:0.03153237827304852
nearest-periodic-value:0.01482283690762377
graphy-js:0.013385757912808336
contained-periodic-values:0.006271722045630825
eslint-config-groupon-react:0.005514910274766012
skipped-periodic-values:0.002602670166955392
insect:0.001959295033187525
fparser:0.001485067179747863
chi-squared:0.0010561776407559036
simple-math:4.772652637295522E-4
es6-math:2.2714230677428707E-4
math.js:1.9767540161341846E-4
rational-number:1.9374477521110595E-4
compute-signum:1.8235181514981476E-4
compute-erf:8.255888626106793E-5
zol:7.735238533753975E-5
rpgdicejs:3.0354046013183885E-5
pusher.math:1.1699520454078254E-5
math-evalrational:7.609107999092652E-6
contour_plot:4.4260877632506926E-6
math-gamma:2.6664580446232473E-6
math_example_sean:1.6422729366977671E-6
compute-erfinv:9.016468323844853E-7
math-extras:5.971675406477029E-7
math-erf:2.922238036093333E-7
more-math:2.1261908693919379E-7
math-erfc:8.983330980696546E-8
sylver:7.405741512667426E-8
compute-erfc:2.5729249947334292E-8
numjs:2.5210020196435214E-8
tiered-numbering:8.378469266195586E-9
math-digamma:6.625620688706959E-9
golden-type:2.715556848875248E-9
compute-erfcinv:1.4005922148321488E-9
adnn:8.573056244919912E-10
squarejs:2.6329025859028287E-10
complex-dice:7.855094033242472E-11
mathfunctions:2.2731627949456116E-11
rawdevjs-math-matrix:6.370314211562463E-12
misual:1.7257059695320583E-12
rawdevjs-math-color:4.510237004960843E-13
gannit:1.1348134115637989E-13
wolkd:2.7422577725487816E-14
pyextjs:6.347433893606171E-15
numjsx:1.4031273614120165E-15
eslint-config-groupon-node6:2.9520757863345577E-16
json-e:5.888146989589584E-17
ete:1.1082141675971568E-17
eslint-config-groupon-es5:1.956951327914302E-18
pocketwrench:3.2184723669788796E-19
num4js:4.879531728520167E-20
bigbang:6.710174984405074E-21
eslint-config-groupon-node4:8.112294067427325E-22
jqx-elements:7.924399308857291E-23
dicetower:1.1813467185286996E-24
math:3.1833336082802E-25
gsl-sf:8.746516911142456E-26
stylint-config-groupon:4.491418752400335E-27
