stylint-config-groupon:0.38955925487647997
gsl-sf:0.17832125655199693
compute-erfcinv:0.15417369402325884
dicetower:0.0808207944982299
math-digamma:0.06760229965594562
math:0.040576103804626444
compute-erfc:0.029172097315442368
jqx-elements:0.015215723247959634
math-erfc:0.012379776071873924
fparser:0.011699642161788997
eslint-config-groupon-node4:0.0065790010494804485
math-erf:0.005163570644053227
bigbang:0.002806162251969648
compute-erfinv:0.0021166535723928285
num4js:0.001180693922561148
math-gamma:8.537842372134799E-4
pocketwrench:4.901976668211979E-4
math-evalrational:3.4037229092804454E-4
functions:3.133655854359005E-4
eslint-config-groupon-es5:2.0102870901935287E-4
math.js:1.233456961087298E-4
ete:8.163279366002207E-5
compute-erf:6.222058277875624E-5
json-e:3.300103369196662E-5
compute-signum:2.831974991339859E-5
expr-eval:2.367214278137644E-5
mathjs:1.9509480969595957E-5
eslint-config-groupon-node6:1.343096903806058E-5
chi-squared:1.1526628154128804E-5
skipped-periodic-values:7.913143955127982E-6
contained-periodic-values:5.9556484362589966E-6
numjsx:5.6245280872930455E-6
nearest-periodic-value:4.748784967955084E-6
gamma:3.920509293324837E-6
pyextjs:2.5163029910511027E-6
es6-math:1.7695017521972432E-6
wolkd:1.2639710312073885E-6
gannit:7.404368805558816E-7
rawdevjs-math-color:5.04282963050947E-7
misual:3.840619387756706E-7
rawdevjs-math-matrix:3.1319406864878743E-7
mathfunctions:2.6543203522125674E-7
complex-dice:2.2999652277966638E-7
squarejs:2.0210236278464665E-7
adnn:1.7936546246754702E-7
golden-type:1.6042984188315572E-7
tiered-numbering:1.4442791060600034E-7
numjs:1.307552589147644E-7
sylver:1.1896724097088307E-7
more-math:1.0872541088470346E-7
math-extras:9.976630069262403E-8
math_example_sean:9.188144199258244E-8
contour_plot:8.49037430906429E-8
pusher.math:7.869781133983719E-8
rpgdicejs:7.315288877397454E-8
zol:6.817759365380939E-8
rational-number:6.369594575232598E-8
simple-math:5.964432297835866E-8
insect:5.429696610641194E-8
eslint-config-groupon-react:1.0329279146053945E-21
graphy-js:1.2295368280421238E-22
keen-query:1.2984114879291722E-23
coffeelint-config-groupon:1.1813467185286972E-24
mathsass:8.746516911142439E-26
random-pro:4.491418752400327E-27
