compute-erfcinv:0.8171238467121885
fparser:0.09670494758676997
math-digamma:0.07845507432985374
compute-erfc:0.006930576359187581
math-erfc:6.047641686041117E-4
math-erf:7.014970363249039E-5
math:5.9707750476899086E-5
compute-erfinv:1.760871624234752E-5
math.js:1.1312918783585696E-5
math-gamma:8.250763737891383E-6
math-evalrational:4.938746062491817E-6
expr-eval:3.7275303484318977E-6
compute-erf:1.2309679206736506E-6
compute-signum:9.249201666710088E-7
es6-math:7.204458471818998E-7
chi-squared:5.77051101339837E-7
skipped-periodic-values:4.726032660938135E-7
contained-periodic-values:3.9416540770118563E-7
nearest-periodic-value:3.3376165151986594E-7
gamma:2.862562542182954E-7
functions:1.45484932162824E-7
mathjs:9.057564287824668E-9
