random-pro:0.3641286088258361
mathjs:0.1718344950355236
mathsass:0.16392446958231338
coffeelint-config-groupon:0.07258025983784214
functions:0.06224224878510586
expr-eval:0.05199375622943965
gamma:0.03431859239730392
keen-query:0.03152792812297165
nearest-periodic-value:0.014748919165670954
graphy-js:0.013382620762283103
contained-periodic-values:0.006221003687855064
eslint-config-groupon-react:0.0055126477156022665
skipped-periodic-values:0.0025669265973124493
insect:0.0019592950331875254
chi-squared:0.0010302975906741041
fparser:6.590621247566982E-4
simple-math:4.772652637295521E-4
es6-math:2.1669352938561478E-4
rational-number:1.9374477521110595E-4
compute-signum:1.666987066103134E-4
math.js:1.061670480628585E-4
zol:7.735238533753976E-5
compute-erf:7.031046670146283E-5
rpgdicejs:3.035404601318391E-5
pusher.math:1.1699520454078247E-5
math-evalrational:7.609107999092652E-6
contour_plot:4.42608776325069E-6
math-gamma:2.6664580446232478E-6
math_example_sean:1.6422729366977671E-6
compute-erfinv:9.016468323844861E-7
math-extras:5.97167540647703E-7
math-erf:2.922238036093337E-7
more-math:2.1261908693919384E-7
math-erfc:8.983330980696541E-8
sylver:7.405741512667424E-8
compute-erfc:2.5729249947334286E-8
numjs:2.521002019643522E-8
tiered-numbering:8.378469266195588E-9
math-digamma:6.625620688706957E-9
golden-type:2.71555684887525E-9
compute-erfcinv:1.4005922148321492E-9
adnn:8.57305624491992E-10
squarejs:2.6329025859028307E-10
complex-dice:7.855094033242483E-11
mathfunctions:2.2731627949456132E-11
rawdevjs-math-matrix:6.3703142115624705E-12
misual:1.7257059695320587E-12
rawdevjs-math-color:4.510237004960847E-13
gannit:1.1348134115638E-13
wolkd:2.7422577725487823E-14
pyextjs:6.34743389360617E-15
numjsx:1.4031273614120161E-15
eslint-config-groupon-node6:2.9520757863345577E-16
json-e:5.888146989589584E-17
ete:1.1082141675971565E-17
eslint-config-groupon-es5:1.9569513279143017E-18
pocketwrench:3.218472366978881E-19
num4js:4.8795317285201665E-20
bigbang:6.7101749844050735E-21
eslint-config-groupon-node4:8.11229406742733E-22
jqx-elements:7.924399308857293E-23
dicetower:1.1813467185286994E-24
math:3.183333608280201E-25
gsl-sf:8.746516911142465E-26
stylint-config-groupon:4.491418752400336E-27
