zackva:0.9999885820184584
zzg:1.1417976691960048E-5
maya:4.8496876597179735E-12
koa:5.070602400912929E-21
app:2.251799813685254E-36
