app:0.9999885820184584
koa:1.141797669196003E-5
maya:4.849687659717972E-12
zzg:5.070602400912929E-21
zackva:2.2517998136852524E-36
