app:0.9999885820184583
koa:1.1417949749250807E-5
maya:3.017583435614915E-11
zackva:1.616562554929524E-12
zzg:2.5353012004564675E-21
