js-sorting-algorithms:0.6198255028465757
sort:0.21352853607251238
jsonfp:0.07092830009139978
stable:0.06826923075781632
ndarray-select:0.02205508380335925
sort-algo:0.0047675763781312
js-quicksort:6.129587862570599E-4
via-sort:1.2635334127595627E-5
qsort.js:1.745522765192731E-7
sort-algorithms:4.6181570305930044E-10
mergesort:4.565781693446835E-10
quick-sort:2.3353664089378796E-10
sort-algorithms-js:1.3643840155088647E-10
sorting:5.7072271168085435E-11
ds.algo:1.7835085412038864E-11
node-sort:1.4268067875086059E-11
