js-sorting-algorithms:0.6384981580640818
sort:0.13456205809246782
stable:0.13456205809246782
jsonfp:0.07089438339438302
ndarray-select:0.020901159347956094
js-quicksort:5.667481132114434E-4
via-sort:1.1125516074661673E-5
sort-algo:4.174721387038471E-6
qsort.js:1.3463980263842497E-7
quick-sort:1.206816877447812E-11
sort-algorithms:6.062577882172997E-12
mergesort:2.0045013658634405E-14
sort-algorithms-js:9.187932143488037E-15
sorting:3.340835609772401E-15
ds.algo:2.50626093442229E-15
node-sort:1.6704964977603676E-15
