mergesort:0.8994464792651478
sorting:0.07967818373743188
node-sort:0.02046574505746916
ds.algo:4.0874518086418535E-4
sort-algorithms-js:6.709286774588379E-7
quick-sort:1.3078204019646744E-7
sort-algo:2.999985901685395E-8
sort-algorithms:1.5034653975975632E-8
qsort.js:7.574285656870803E-12
sort:2.2196224355299106E-12
stable:2.2196224355299106E-12
via-sort:8.238998322907846E-13
js-sorting-algorithms:5.385707129023586E-13
js-quicksort:3.142140913366089E-13
ndarray-select:1.6609016162144427E-13
