mergesort:0.8637873807899885
sorting:0.10101290228836537
node-sort:0.02969851388617665
ds.algo:0.0030190098293851795
jsonfp:0.0024799552108279834
sort-algorithms-js:1.7472637768948002E-6
quick-sort:3.6067963876420073E-7
sort-algo:8.65034372129884E-8
sort-algorithms:4.3460708285766226E-8
qsort.js:4.7908656973563126E-11
sort:1.404777687954082E-11
stable:1.404777687954082E-11
via-sort:5.242563909443246E-12
js-sorting-algorithms:3.4085622345501918E-12
js-quicksort:1.9887179107735715E-12
ndarray-select:1.051168724383356E-12
