computer-science-in-javascript:0.9988974184926984
statsd:0.0011021567660592926
aggregation:4.247023484747165E-7
genes:1.9446922743221763E-11
algorithmic:1.9446922743221763E-11
algorithms:6.287433423090434E-23
ranks:6.287433423090434E-23
ranked:6.287433423090434E-23
