algorithms:0.33333333332036874
ranks:0.33333333332036874
ranked:0.33333333332036874
genes:2.139161501701368E-11
algorithmic:1.750223046838193E-11
aggregation:1.1736542388782736E-21
computer-science-in-javascript:6.287433423090432E-23
statsd:9.860761315262652E-32
