algorithms:0.33333333332036874
ranks:0.33333333332036874
ranked:0.33333333332036874
genes:1.9446922743221763E-11
algorithmic:1.9446922743221763E-11
aggregation:1.8862300249549782E-22
statsd:1.9721522630525286E-31
computer-science-in-javascript:8.758115402030107E-47
