o2sms:0.5247942820260649
springedge:0.20158264605790743
hook.io-twilio:0.15176771744824244
react-native-send-sms:0.049850805347476275
universal-twilio:0.04274750289931159
postnewman:0.011743535350929105
sms:0.011133578777847838
look-out:0.0031577663809588615
cordova-sms-plugin-no-send-sms-permission:0.002059001983340241
hubot-xmatters:8.375346957889918E-4
smsexpress:2.2263539876790737E-4
cordova-mysms-plugin:6.120198500553207E-5
zhoujianhui-cordova-plugin-sms:1.8377835115020218E-5
smsconnect:6.4812109510279024E-6
react-native-sms:2.8249324911675457E-6
weimi:1.5053720493075631E-6
tz-command:9.299481583166085E-7
byteskode-sms:7.682995270840421E-7
react-native-android-sms-listener:7.682995270840421E-7
ali-sms:7.68299527084042E-7
easynexmo:7.682995270840419E-7
sms-link:7.682995270840419E-7
bipsms:7.682995270840419E-7
smsaero:7.682995270840419E-7
frank-node-sms:7.682995270840418E-7
x-sms:7.682995270840418E-7
micro-app-notify-client:7.682995270840417E-7
node-red-node-twilio:6.360146139892452E-7
nimbow-client:6.329252318453858E-7
thehelp-last-ditch:4.854290007406713E-7
sms-device:4.59292413957677E-7
thehelp-messaging:4.3515024271097903E-7
smsapicom:3.486683582611345E-7
react-native-send-intent:2.737508848432501E-7
send-sms:2.3779364402902954E-7
pswincom-gateway:2.206428936228857E-7
trailpack-twilio:1.1520039136890551E-7
moleculer-twilio:9.788939537974062E-8
node-bulk-sms:1.7437124626622923E-8
upmon-sms:1.5422379180525388E-8
sending-sms:1.3737748386214882E-8
