sentiment:0.29903848197664507
sediment:0.29729065547346867
troll:0.1161262455636332
Sentimental:0.08911657976272377
analysis:0.06048207662622388
sentiment-polish:0.04400104814634697
made-in-denmark:0.043561571828521106
sentiment-v2:0.02020649347752419
dracula-sentiment:0.009791970757615934
google-nlp:0.009621953495385244
empath-sentiment-analysis:0.0035215463248316286
datasets-liu-negative-opinion-words-en:0.003425569101334582
sentiment-swedish:0.0012488734589601392
compendium-js:0.001191298772601072
personify:4.4028296722749944E-4
datasets-liu-positive-opinion-words-en:4.033677947600334E-4
emoji-emotion:1.5726484065807647E-4
lexemic:1.3196382263621498E-4
sentiment-alyze:1.0541408103719752E-4
afinn-111:4.717397003320185E-5
mad-science-modules:4.298999581450168E-5
sentiment-ptbr:2.6535679224987512E-5
awesome-mad-science:1.2372456639216416E-5
spanishdal:4.61444358733132E-6
afinn-165:1.3729190121509884E-6
afinn-96:1.031798978108152E-6
hubot-sentiment:5.638526388573429E-7
node-sentiment:3.069109297181695E-7
made-in-netherlands:1.849251641806235E-7
sentimental:8.804510417331207E-8
emojimation:4.7295394191924346E-8
sentiment-french:2.8320944222948936E-8
stanford-corenlp:1.3354176385907726E-8
sentiment-multilang:7.665086952971352E-9
node-dlp-sentiment:5.14685957661412E-9
sentimentjs:2.5708995333384245E-9
heatjs:1.2671887798068564E-9
influence:6.148291775664454E-10
ml-sentiment:2.1394195550354716E-10
vh-sentiment:1.51277435535535E-10
viralheat-sentiment:7.161560194381437E-11
node_alchemy:3.333178038033339E-11
sentiment-zh_cn:1.518689970629787E-11
this-is-probably-ok-to-say:3.561056621637748E-12
sentiment-analysis:3.561056621637747E-12
emotions-multilang:1.610401970722012E-12
npmtest-salient:7.190032779190929E-13
nlp-node:3.1680045434449337E-13
havenondemand:1.3769144832523969E-13
uncensor:5.900547768519164E-14
alchemy-api-nav:2.491891528971167E-14
sentiyapa.js:1.0365568306622788E-14
emotional-emoticons:4.244705853409527E-15
rangen:1.7101824600010065E-15
node-red-node-alchemy-sentiment:6.7750563564802935E-16
corenlp-js-interface:2.6374138808597137E-16
iod-node:1.00818527222125E-16
sentiment-custom-lists:3.781651394414326E-17
npmdoc-salient:1.3907929149574742E-17
npmdoc-sentiment:5.010944126075263E-18
nlp_sf:1.767099013390593E-18
grandiloquent:6.093424383086912E-19
emotional:2.0523714079513147E-19
indiansentiment:6.744168547710857E-20
corenlp-js-prefab:2.15921068973649E-20
sentiment-spanish:6.724741636041499E-21
semantria-node:2.0334878730558564E-21
alchemy-news-api:5.955449022184035E-22
crunchable:1.6832619012683057E-22
npmtest-sentiment:4.565102211132609E-23
advanced-sentiment:1.1750773903273148E-23
datumbox:2.7999144998892098E-24
alchemy-api:2.0634557093226573E-25
sentiword:2.063455709322657E-25
npm-collection-language-tools:4.7481284432290815E-26
salient_for_meteor:1.0448072016799856E-26
botbuilder-handoff:2.192120451666875E-27
made-in-brazil:4.3709561812241235E-28
hashpokemongo:8.251520585983592E-29
jarvis-bot:1.4682729283704647E-29
atsaty:2.4491085936557122E-30
outengine:3.801262882575885E-31
korean-sentiment-analyzer:5.427278936512448E-32
salient:6.969733527756327E-33
watson-developer-cloud:7.565324259434737E-34
senti:1.2281949372677096E-35
lexicons:1.2281949372677094E-35
bank-fan:1.1525805600162653E-36
multi-sentiment:9.625146545632203E-38
gotsentimental:7.067257036185329E-39
malver:4.499129512310936E-40
playbulb:2.4430017786519157E-41
botfuel-nlp-sdk:1.1097475667687629E-42
indico.io:4.120841332827715E-44
terrasentiments:1.2164166523268133E-45
sentiment140-nodejs-client:2.758574539512865E-47
sentiment140:4.606719033888133E-49
ember-semantic-analysis:5.370028958621898E-51
chronist:4.0787581551065106E-53
neural-now:1.843284071593939E-55
speakeasy-nlp:4.381221285445285E-58
watson-developer-cloud-async:4.603802676262288E-61
ss-message:1.6557226456342934E-64
intercom-to-mongodb:1.3646403570366336E-68
bot_handoff:1.2984651878411799E-73
made-in-india:3.6767458210650615E-80
