made-in-india:0.38208137542930964
bot_handoff:0.237679112243991
intercom-to-mongodb:0.14721272653317166
ss-message:0.0907833183492744
watson-developer-cloud-async:0.055740022431900835
speakeasy-nlp:0.034074731901233335
neural-now:0.0207405279043793
chronist:0.012570920159129426
ember-semantic-analysis:0.0075882360359277
sentiment140:0.004562985621518418
sentiment140-nodejs-client:0.0027343851929279746
terrasentiments:0.0016339055593248821
indico.io:9.743840411752388E-4
botfuel-nlp-sdk:5.806680775475237E-4
playbulb:3.4644382603433516E-4
malver:2.0749507798453897E-4
gotsentimental:1.252215647458598E-4
multi-sentiment:7.6531703764416E-5
bank-fan:4.7676017334940363E-5
sentiment-alyze:4.3764728656019457E-5
analysis:4.005059355713191E-5
lexicons:3.0504206499873046E-5
senti:2.8574042928609745E-5
watson-developer-cloud:1.3199959607103743E-5
salient:9.447951531896317E-6
korean-sentiment-analyzer:7.083808043860168E-6
outengine:5.546326041006861E-6
sentiword:5.314250804507936E-6
atsaty:4.5078122604589956E-6
jarvis-bot:3.7763217079024567E-6
hashpokemongo:3.238693857270693E-6
made-in-brazil:2.827491369441897E-6
botbuilder-handoff:2.5018722010427895E-6
salient_for_meteor:2.236545700923984E-6
npm-collection-language-tools:2.0153993362729512E-6
sentiment-analysis:1.8979030017436757E-6
alchemy-api:1.8278146939131955E-6
ml-sentiment:1.681818281961561E-6
stanford-corenlp:1.4474419169702418E-6
datumbox:1.3742402980743625E-6
sentimental:1.34722665090795E-6
advanced-sentiment:1.2636092736136804E-6
afinn-165:1.2215096516838375E-6
npmtest-sentiment:1.1660159835671036E-6
crunchable:1.0794103930540173E-6
alchemy-news-api:1.002160668479578E-6
semantria-node:9.329439327467426E-7
sentiment-spanish:8.706722607410784E-7
node-dlp-sentiment:8.647979760945758E-7
corenlp-js-prefab:8.144407177154006E-7
emojimation:7.847132830173062E-7
indiansentiment:7.634896423249156E-7
node-sentiment:7.1729223882956E-7
emotional:7.171764639732687E-7
hubot-sentiment:6.964863775237307E-7
afinn-96:6.765728313663937E-7
grandiloquent:6.749541297690779E-7
nlp_sf:6.363542659691687E-7
npmdoc-sentiment:6.00973829487239E-7
npmdoc-salient:5.684643946421501E-7
afinn-111:5.408099581025196E-7
sentiment-custom-lists:5.385234687794196E-7
iod-node:5.108873943556085E-7
corenlp-js-interface:4.853255070009276E-7
node-red-node-alchemy-sentiment:4.616352979214922E-7
Sentimental:4.449042877835601E-7
rangen:4.396383860912988E-7
sentiment:4.2607118666948014E-7
emotional-emoticons:4.1917714797617106E-7
sentiyapa.js:4.0011188444845583E-7
alchemy-api-nav:3.8231842899638197E-7
uncensor:3.6568612027735395E-7
havenondemand:3.501160768889132E-7
nlp-node:3.355197239238774E-7
npmtest-salient:3.21817530161948E-7
emotions-multilang:3.0893792216872726E-7
this-is-probably-ok-to-say:2.968163475322351E-7
sentiment-zh_cn:2.441818894213212E-7
node_alchemy:2.3513357560635167E-7
viralheat-sentiment:2.2657905554450123E-7
vh-sentiment:2.1848304032332468E-7
influence:1.7816863253123805E-7
heatjs:1.7212620211705318E-7
sentimentjs:1.663860348939925E-7
sentiment-multilang:1.5833153570531883E-7
sentiment-french:1.3738403947779171E-7
made-in-netherlands:9.584747445639944E-8
spanishdal:2.3117547422466206E-8
awesome-mad-science:2.218048426724948E-8
sentiment-ptbr:2.1884786420079153E-8
mad-science-modules:2.101714396158041E-8
lexemic:1.3276387021738103E-8
emoji-emotion:1.3108354117519405E-8
datasets-liu-positive-opinion-words-en:1.2614756065009184E-8
personify:1.2459038787303358E-8
compendium-js:1.2001380678468987E-8
sentiment-swedish:1.1856804261267607E-8
datasets-liu-negative-opinion-words-en:1.1431679659032042E-8
empath-sentiment-analysis:1.1297206140371049E-8
google-nlp:1.090160284521077E-8
dracula-sentiment:1.0776312385846144E-8
sentiment-v2:1.0407558923367399E-8
made-in-denmark:1.017370914722052E-8
sentiment-polish:1.0060681294772562E-8
troll:9.7278073330611E-9
sediment:4.630673087709735E-9
