ml-sentiment:0.504786246947807
node-dlp-sentiment:0.40801233863533665
sentiword:0.03882248181194589
senti:0.038822481811945884
emojimation:0.006186087560915857
stanford-corenlp:0.0032450155789205152
node-sentiment:7.766477265373646E-5
sentimental:4.170001259455416E-5
hubot-sentiment:5.675805346384511E-6
afinn-96:3.0674512262431035E-7
afinn-165:1.481669735845066E-10
sentiment-ptbr:8.480504586589639E-11
sentiment-alyze:5.424328743753264E-11
sentiment-analysis:1.8054440729035235E-11
afinn-111:5.970997058002474E-12
emoji-emotion:2.067472750526661E-12
Sentimental:1.3819673339967327E-12
personify:1.0067311508525425E-12
sentiment-swedish:6.078107591603465E-13
empath-sentiment-analysis:4.074282013394458E-13
dracula-sentiment:2.92168209727469E-13
sentiment-v2:2.1976908863099042E-13
sentiment-polish:1.713180400197563E-13
analysis:1.4428569794336364E-14
sentiment:1.1033991774931017E-15
