sentiment:0.2990438508712014
sediment:0.29723886127074506
troll:0.11610706820934803
Sentimental:0.08912439950211817
analysis:0.060521293848171634
sentiment-polish:0.044009137266542715
made-in-denmark:0.04355495723581181
sentiment-v2:0.02021117830994959
dracula-sentiment:0.009796047457831287
google-nlp:0.009620340761961006
empath-sentiment-analysis:0.003524281910691784
datasets-liu-negative-opinion-words-en:0.0034251199079407364
sentiment-swedish:0.0012506681840509344
compendium-js:0.001191209450601317
personify:4.414651349243455E-4
datasets-liu-positive-opinion-words-en:4.0336224652009534E-4
emoji-emotion:1.5806062768280709E-4
lexemic:1.3195929919738937E-4
sentiment-alyze:1.085741299985067E-4
afinn-111:4.766878398765656E-5
mad-science-modules:4.297494253220284E-5
sentiment-ptbr:2.6940798193202875E-5
awesome-mad-science:1.2341215527954405E-5
spanishdal:4.600330293721476E-6
afinn-165:1.367565575242612E-6
afinn-96:1.0275405251320963E-6
hubot-sentiment:5.612051149405871E-7
node-sentiment:3.052602868676269E-7
made-in-netherlands:1.8382262709115148E-7
sentimental:8.740180149566694E-8
emojimation:4.6888745056440524E-8
sentiment-french:2.8045391646831078E-8
stanford-corenlp:1.3188812184081286E-8
sentiment-multilang:7.553936741503176E-9
node-dlp-sentiment:5.060591730543598E-9
sentimentjs:2.5156056982650685E-9
heatjs:1.2312925132439586E-9
influence:5.91174326215461E-10
ml-sentiment:1.5127743553553505E-10
vh-sentiment:1.51277435535535E-10
viralheat-sentiment:7.16156019438144E-11
node_alchemy:3.3331780380333416E-11
sentiment-zh_cn:1.518689970629788E-11
sentiment-analysis:3.561056621637751E-12
this-is-probably-ok-to-say:3.5610566216377506E-12
emotions-multilang:1.6104019707220115E-12
npmtest-salient:7.190032779190931E-13
nlp-node:3.168004543444936E-13
havenondemand:1.3769144832523979E-13
uncensor:5.900547768519168E-14
alchemy-api-nav:2.4918915289711685E-14
sentiyapa.js:1.0365568306622797E-14
emotional-emoticons:4.244705853409529E-15
rangen:1.7101824600010072E-15
node-red-node-alchemy-sentiment:6.775056356480289E-16
corenlp-js-interface:2.637413880859714E-16
iod-node:1.0081852722212503E-16
sentiment-custom-lists:3.7816513944143275E-17
npmdoc-salient:1.3907929149574754E-17
npmdoc-sentiment:5.010944126075267E-18
nlp_sf:1.7670990133905943E-18
grandiloquent:6.093424383086917E-19
emotional:2.0523714079513152E-19
indiansentiment:6.744168547710857E-20
corenlp-js-prefab:2.1592106897364912E-20
sentiment-spanish:6.7247416360415036E-21
semantria-node:2.0334878730558572E-21
alchemy-news-api:5.955449022184037E-22
crunchable:1.6832619012683057E-22
npmtest-sentiment:4.5651022111326086E-23
advanced-sentiment:1.1750773903273156E-23
datumbox:2.7999144998892098E-24
sentiword:2.0634557093226561E-25
alchemy-api:2.0634557093226561E-25
npm-collection-language-tools:4.748128443229084E-26
salient_for_meteor:1.0448072016799857E-26
botbuilder-handoff:2.1921204516668763E-27
made-in-brazil:4.370956181224126E-28
hashpokemongo:8.251520585983597E-29
jarvis-bot:1.468272928370464E-29
atsaty:2.4491085936557126E-30
outengine:3.8012628825758847E-31
korean-sentiment-analyzer:5.42727893651245E-32
salient:6.969733527756327E-33
watson-developer-cloud:7.565324259434739E-34
senti:1.2281949372677102E-35
lexicons:1.2281949372677102E-35
bank-fan:1.1525805600162658E-36
multi-sentiment:9.625146545632209E-38
gotsentimental:7.067257036185333E-39
malver:4.499129512310935E-40
playbulb:2.443001778651917E-41
botfuel-nlp-sdk:1.1097475667687626E-42
indico.io:4.120841332827716E-44
terrasentiments:1.216416652326815E-45
sentiment140-nodejs-client:2.758574539512865E-47
sentiment140:4.606719033888135E-49
ember-semantic-analysis:5.370028958621899E-51
chronist:4.078758155106514E-53
neural-now:1.843284071593939E-55
speakeasy-nlp:4.381221285445284E-58
watson-developer-cloud-async:4.6038026762622896E-61
ss-message:1.6557226456342948E-64
intercom-to-mongodb:1.364640357036635E-68
bot_handoff:1.2984651878411825E-73
made-in-india:3.676745821065062E-80
