firebaseauth:0.6689256090000005
node-sp-auth:0.14768462304066116
punch-auth:0.12276628163875382
hubot-flowdock-resin:0.012562844792498416
derby-user-providers:0.012559816495735024
passport-tanda:0.011106504950700258
passport-openid:0.011106504950700258
hawk:0.011106504950700258
hubot-flowdock:0.001700866458773802
feathers-horizon:2.274274505945E-4
passport-oauth2-resource-owner-credentials:1.7305058215048543E-4
backendjs:3.742611920070974E-5
fireauth:1.589825526382551E-5
hubot-flowdock-attend-own-account:7.360296640896694E-6
loopback-passport:6.237079258569465E-6
restla:4.766602759790823E-6
travelogue-hapi4:3.3868387658604748E-6
travelogue-resurrected:2.5363218498075533E-6
protoculture-hapi:1.773736229473383E-6
passport-oauth2:2.688483057362181E-7
external:2.688483057362181E-7
bell:2.558171243167749E-8
aurelia-authentication:5.279970492003569E-9
retsly-js-auth:3.097288709252486E-9
plug-auth-server:2.6242451765175344E-9
bell-oidc:2.251883814605035E-9
plug-auth-client:1.9535252858272137E-9
ember-cli-cordova-auth:1.9535252858272137E-9
