punch-auth:0.5263078324299849
loopback-passport:0.43922808412486125
derby-user-providers:0.018617473901597674
node-sp-auth:0.014920441076009216
fireauth:5.181319342411398E-4
passport-tanda:1.3230977365540027E-4
passport-openid:1.3230977365540024E-4
hawk:1.3230977365540024E-4
passport-oauth2-resource-owner-credentials:1.0937294524233092E-5
retsly-js-auth:1.6801735761355055E-7
plug-auth-server:1.8484986138899758E-9
bell-oidc:2.242776138258085E-11
passport-oauth2:1.232135561223343E-11
external:1.2321355612233429E-11
bell:2.6736179285345267E-12
plug-auth-client:2.2149498418860047E-12
