bell:0.45596431566385964
ember-cli-cordova-auth:0.4000673968513069
passport-oauth2:0.07768780142903005
external:0.045065810970996954
plug-auth-client:0.01773323897017853
bell-oidc:0.0026170879040762593
plug-auth-server:4.0646685116541844E-4
passport-tanda:1.304885135562354E-4
passport-openid:1.304885135562354E-4
retsly-js-auth:8.263424338265548E-5
loopback-passport:2.5425402856763548E-5
aurelia-authentication:2.3719781057208464E-5
hawk:1.700218573175444E-5
passport-oauth2-resource-owner-credentials:1.1152734301479228E-5
protoculture-hapi:1.1023138933469737E-5
fireauth:8.728103857304074E-6
travelogue-resurrected:6.160166505605975E-6
travelogue-hapi4:4.601047462031481E-6
restla:3.568417592598388E-6
hubot-flowdock-attend-own-account:2.8486590457339345E-6
derby-user-providers:3.8687784062438345E-8
punch-auth:1.7637628252000381E-9
backendjs:1.679485919738074E-16
feathers-horizon:3.2986078831112555E-18
hubot-flowdock:4.4021495978794865E-20
hubot-flowdock-resin:3.3100922906219207E-22
firebaseauth:8.073574804353762E-27
node-sp-auth:2.691191609892598E-27
