translate:0.6666666661438905
entongue:0.3333333333333333
american-british-english-translator:5.227761818279849E-10
