american-british-english-translator:0.6666666661438906
entongue:0.33333333333333337
translate:5.227761818279849E-10
