validate-email:11.22
legit:11.22
isemail:11.055
nice-is-email:10.725
validate.io:10.395000000000001
testdata-invalid-email:10.065000000000001
email-deep-validator:9.735000000000001
is-email-node:9.405000000000001
person:9.405
testdata-valid-email:9.075000000000001
emailvalidator:9.075
is-email-like:8.745000000000001
email-existence:8.58
email-address-check:8.415000000000001
emailaddress:8.415000000000001
enhanced-email-deep-validator:8.085
validate-email-dns:8.085
validate-email-shootout:7.755000000000001
mailgun-email-validation:7.095000000000001
email-check:7.095000000000001
tcomb-additional-types:6.765000000000001
mailcheck:6.765000000000001
email-exists:6.105
testdata-newtld-email:5.775
formula-isemail:5.445
