email-exists:33.0
popcorn-streamer-server:31.5
is-email-node:31.4
email-existence:30.200000000000003
isemail:29.6
validate-email:29.6
parsleyjs-dpz-fork:28.900000000000002
check-email-valid:25.9
citgm:25.9
validate-email-dns:25.700000000000003
pet-api:25.700000000000003
formula-isemail:25.6
ericapi:25.5
testdata-newtld-email:25.4
valid-email:25.299999999999997
testing-dda-rda:25.299999999999997
v:25.1
legit:25.0
mailcheck:24.900000000000002
check-email:24.9
va:24.9
enhanced-email-deep-validator:24.800000000000004
is-mac-address:24.700000000000003
val:24.700000000000003
jasmine-pure:24.700000000000003
tcomb-additional-types:24.6
is-gmail-account-valid:24.5
vali:24.5
email-address-check:24.4
test-npm-1:24.3
is-mac:24.299999999999997
valid:24.299999999999997
mailgun-email-validation:24.200000000000003
email-addresses:24.1
valida:24.1
is-email-like:24.0
validate.io-email-address:23.9
validate:23.9
testdata-valid-email:23.800000000000004
string-email-tester:23.700000000000003
jquery-validation:23.700000000000003
emailaddress:23.5
heroku-fastly:23.5
mailgun-validate-email:23.299999999999997
validate-email-shootout:23.200000000000003
user-email:23.1
jquery1-browser:23.1
galileo-agent:23.1
email-deep-validator:23.0
kong:22.900000000000002
date-is-valid:22.9
mdn-data:22.9
testdata-invalid-email:22.800000000000004
emailscrubber:22.700000000000003
spm-jquery:22.700000000000003
validate.io:22.6
email-validator-pro:22.5
nice-is-email:22.4
randysouza-npm-test-project:22.3
is-valid-email:22.299999999999997
softdocs-bootstrap:22.299999999999997
ianstormtaylor-email:22.1
anchorme.js:22.1
