credit-card:38.61
luhn-alg:38.61
luhn:36.96
credit-card-validation:36.300000000000004
creditcard.js:35.31
card-validator:32.175000000000004
payment:29.865000000000002
jquery.payment:28.875000000000004
payform:26.235
credit-card-validator:23.595
card-js:23.43
is2:22.935000000000002
react-card-input:22.770000000000003
credit-card-type:22.44
mod10:22.439999999999998
joi-creditcard-extension:22.11
validity:21.78
bp-creditcards:21.450000000000003
angular-credit-cards:21.120000000000005
npmdoc-credit-card:20.46
creditcards-types:20.130000000000003
isccnumber:19.8
vava:19.47
stripe-card-validator:19.14
card-validate:18.810000000000002
credit-card-validate:18.810000000000002
creditcardutils:18.48
cc-validator-node:18.48
angular-card:18.48
node-luhn:18.15
npmtest-credit-card:18.15
react-credit-card:18.15
angular-credit-cards-release:17.82
parsley-payment:17.82
card:17.82
angular.validators:17.490000000000002
luhn-check:17.490000000000002
card-react:17.490000000000002
bp-angular-credit-cards:17.16
credit-card-es6:17.16
ember-credit-card:17.16
valid-card-number:16.83
gi-commerce:16.5
is2-2:15.840000000000002
