css-util:11.22
dom-util:10.56
realdom:9.57
tsdom:9.24
ng-html-util:8.91
dom101:8.58
tagbuildr:8.25
react-classset:7.92
domanip:7.59
dom-utils:7.095000000000001
elementsJS:6.93
direct:6.765000000000001
tnt-dom:6.6
bti-dom-utils:6.4350000000000005
dominus:6.105
quasi:5.94
dom101-2:5.61
eurostar-dom-utility:5.28
sebastiendaniel-utilities:4.95
jvg:4.62
aegis-js:4.29
