mdn-data:27.000000000000004
grooveshark-streaming:26.4
testing-dda-rda:26.200000000000003
eat-daily-jam:24.900000000000002
znetstar-olympus:24.6
citgm:24.0
grooveshark-downloader:23.5
popcorn-streamer-server:22.000000000000004
music:21.1
vitogisframework:21.1
eztest:20.900000000000002
node-vk-music-sync:20.700000000000003
free-music-archive:20.500000000000004
generator-react-options:20.500000000000004
wedmaster:20.300000000000004
gmplayer:20.3
decompress:20.3
mp3-downloader:20.1
download-cli:20.1
download:19.900000000000002
gotv7.1.0:19.900000000000002
pet-api:19.900000000000002
free:19.700000000000003
ndownload:19.700000000000003
mudl:19.500000000000004
scroll-to-top:19.500000000000004
minimusic:19.3
uabbootstrap:19.3
npm-minimusic-pkg:19.1
buffer-alpaca:19.1
vexflow-musie:19.1
lonely-working-group:18.900000000000002
netease-music:18.700000000000003
vk-google-music-export-cli:18.500000000000004
nvm:18.500000000000004
focabot:18.3
mu-player:18.1
discord.js-music-v11:17.700000000000003
discord.js-music-v11playlist:17.500000000000004
mp3:17.500000000000004
akira-js-music:17.3
wenke-browserify:17.3
