evdh:27.6
heroku-fastly:26.700000000000003
videojs-swf-saints:26.300000000000004
v:25.9
vi:25.5
vid:25.1
electron-runtime:24.900000000000002
vide:24.700000000000003
popcorn-streamer-server:24.700000000000003
atom-win:24.5
videos:22.300000000000004
getstream-fix-signing:22.300000000000004
codeschool-download:22.1
citgm:22.1
zopfli-webpack-plugin:21.900000000000002
videos-cli:21.700000000000003
testing-dda-rda:21.700000000000003
mongo-edu:21.5
generator-react-options:21.5
videolerx:21.300000000000004
downstream:21.1
video:21.1
honesthash:20.900000000000002
download:20.9
video.js:20.9
youtube-mp3:20.700000000000003
decompress:20.700000000000003
jul11co-webdl:20.6
download-service:20.5
download-cli:20.5
randysouza-npm-test-project:20.5
peardownloader:20.4
nativescript-dev-webpack:20.3
emberconf-cli:20.299999999999997
gotv7.1.0:20.299999999999997
webvd:20.200000000000003
instavim:20.1
ndownload:20.1
generator-kendo-ui:20.1
snape:20.0
video-dl:19.9
znetstar-olympus:19.9
openload-dl:19.700000000000003
ytdl:19.700000000000003
pet-api:19.700000000000003
albumkit:19.5
mdn-data:19.5
egghead-crawler:19.3
yt-downloader:19.1
youtube-dler:18.900000000000002
clmtrackr:18.900000000000002
fbg-videos:18.700000000000003
eggs-benny:18.5
