snape:4.29
video:4.29
webvd:3.96
download-cli:3.96
peardownloader:3.63
ndownload:3.63
jul11co-webdl:3.3
manifest:3.3
evdh:2.9699999999999998
download:2.9699999999999998
