grooveshark-streaming:4.29
grooveshark-downloader:3.6300000000000003
eat-daily-jam:3.4650000000000003
music:3.465
videos:3.1350000000000002
vexflow-musie:2.805
