barcode-reader:28.1
mdn-data:26.500000000000004
znetstar-olympus:25.700000000000003
popcorn-streamer-server:24.900000000000002
extract:22.200000000000003
Testchai21:22.200000000000003
angular-io-barcode:22.000000000000004
jquery1-browser:22.0
sgm-plugin-barcode:21.8
sinon:21.8
jqueryui-browser:21.8
io-barcode:21.6
sampleone:21.6
swg-sizzle:21.6
nativescript-zxing:21.400000000000002
quagga:21.400000000000002
jquery-mobile:21.400000000000002
jpeg-extract:21.200000000000003
th-karma:21.200000000000003
spm-jquery:21.200000000000003
barcode-from-binary:21.000000000000004
myNpml:21.0
kxing:20.8
qunitjs-2:20.8
rn-barcode-scanner:20.6
ves-jquery-ui:20.6
2of5-interleaved-encoder:20.400000000000002
cordova-plugin-audiorecorder:20.400000000000002
pdf-extract:20.4
bytescout:20.3
barcode:20.200000000000003
waxmiguel:20.200000000000003
extract-brackets:20.000000000000004
barcode-get-binary-sections:19.8
angular-ide-loader:19.8
react-native-barcode-qrcode:19.6
passport-ghost:19.6
barcode-bars-to-binary:19.400000000000002
persistent-ghost:19.400000000000002
watcher:19.400000000000002
react-native-barcode-pdf417:19.200000000000003
yaye:19.200000000000003
naver-bower:19.200000000000003
cclz-barcode:19.0
qr-image:19.0
hibc-parser:18.8
asposebarcodecloud:18.8
exif-js:18.8
tualo-barcode:18.6
a:18.6
zxing-typescript:18.400000000000002
as:18.400000000000002
