es6-math:50.49
mathjs:45.375
expr-eval:44.385000000000005
math.js:43.065
random-pro:38.775
mathsass:38.445
coffeelint-config-groupon:38.115
keen-query:37.785000000000004
graphy-js:37.455
eslint-config-groupon-react:37.125
insect:36.795
simple-math:36.465
math:36.465
rational-number:36.135
zol:35.805
rpgdicejs:35.475
pusher.math:35.145
contour_plot:34.815
math_example_sean:34.485
gamma:34.155
math-extras:34.155
nearest-periodic-value:33.825
more-math:33.825
contained-periodic-values:33.495000000000005
sylver:33.495
skipped-periodic-values:33.165
numjs:33.165
chi-squared:32.835
tiered-numbering:32.835
golden-type:32.505
functions:32.34
compute-signum:32.175000000000004
adnn:32.175000000000004
compute-erf:31.845
squarejs:31.845
complex-dice:31.515
fparser:31.35
math-evalrational:31.185000000000002
mathfunctions:31.185000000000002
math-gamma:30.855000000000004
rawdevjs-math-matrix:30.855000000000004
compute-erfinv:30.525
misual:30.525
math-erf:30.195
rawdevjs-math-color:30.195
math-erfc:29.865000000000002
gannit:29.865000000000002
compute-erfc:29.535000000000004
wolkd:29.535000000000004
math-digamma:29.205
pyextjs:29.205
compute-erfcinv:28.875
numjsx:28.875
eslint-config-groupon-node6:28.545
json-e:28.215000000000003
ete:27.884999999999998
eslint-config-groupon-es5:27.555
pocketwrench:27.225
num4js:26.895000000000003
bigbang:26.564999999999998
eslint-config-groupon-node4:26.235
jqx-elements:25.905
dicetower:25.245000000000005
gsl-sf:24.915
stylint-config-groupon:24.585
