js-sorting-algorithms:11.055000000000001
sort-algorithms:9.735000000000001
sort-algorithms-js:9.735
sorting:9.735
ds.algo:9.405
ndarray-select:8.91
js-quicksort:8.58
sort:8.415
via-sort:8.25
stable:8.085
qsort.js:7.920000000000001
jsonfp:7.425000000000001
sort-algo:7.425
quick-sort:7.260000000000001
mergesort:6.4350000000000005
node-sort:6.2700000000000005
