sort-algorithms-js:32.0
popcorn-streamer-server:29.0
quick-sort:27.7
znetstar-olympus:27.6
mdn-data:26.6
pet-api:26.6
js-quicksort:26.5
sort-algo:26.4
ds.algo:26.300000000000004
sort-algorithms:25.900000000000002
q-sort:22.3
kuhwick:22.1
s:22.1
algo-sort-bubble:21.900000000000002
ykd3:21.900000000000002
so:21.9
node-sort:21.8
algo-quick-find:21.700000000000003
sor:21.700000000000003
bubble-sort-js:21.5
sort:21.5
jsbin:21.3
algo-sort-jumpdown:21.1
algo-quick-union:20.900000000000002
amd-utils:20.900000000000002
sorting:20.8
wasm-sort:20.7
underscoreWithTypings:20.7
jsonfp:20.7
qsort.js:20.6
via-sort:20.400000000000002
democracyos-natural-sort:20.3
lodash310patch:20.3
quick-sort.js:20.1
sugar-string:20.1
ndarray-select:20.0
algo-sort-comb:19.900000000000002
js-sorting-algorithms:19.8
drop-merge-sort:19.7
loganalysis:19.7
mergesort:19.5
insertion-sort-js:19.3
mdn-browser-compat-data:19.3
ljz:19.1
algo-sort-cocktail:18.900000000000002
olical-binary-search:18.900000000000002
