send-sms:58.0
znetstar-olympus:50.5
waxmiguel:50.10000000000001
smsconnect:49.900000000000006
smsexpress:49.7
twilio:47.10000000000001
cordova-plugin-bb-sms:46.50000000000001
generator-react-options:44.10000000000001
highside-send-sms:41.60000000000001
o2sms:41.60000000000001
cordova-sms-plugin-no-send-sms-permission:41.60000000000001
adonis-asterisk-ami:41.60000000000001
sms:41.400000000000006
hook.io-twilio:41.400000000000006
mtextbelt:41.400000000000006
twilio-api:41.400000000000006
universal-twilio:41.2
textbelt:41.2
touchsms:41.2
sms-by-luosima:41.0
postnewman:41.0
popcorn-streamer-server:41.0
agentia-semaphore:41.0
cordova-sms-plugin:40.800000000000004
look-out:40.8
react-native-sms-x:40.60000000000001
citgm:40.60000000000001
node-magnetise:40.6
sms-infobip:40.400000000000006
x-red:40.400000000000006
hubot-xmatters:40.400000000000006
meiligao:40.400000000000006
testing-dda-rda:40.2
react-native-sms:40.2
smartico:40.2
clisms:40.2
smsblackberry-plugbunch-cordova-plugin:40.0
websms:40.0
server-monitor:39.800000000000004
gnmt:39.8
weimi:39.8
sematime:39.60000000000001
nodemailer2:39.60000000000001
node-red-contrib-smstools:39.6
cordova-mysms-plugin:39.599999999999994
node-red-contrib-nexmo:39.400000000000006
meteor-tools:39.400000000000006
tz-command:39.400000000000006
t:39.400000000000006
made-in-france:39.400000000000006
china-sms:39.2
bs-test:39.2
zhoujianhui-cordova-plugin-sms:39.2
tw:39.2
react-native-android-sms:39.2
simplefreesms:39.0
yaye:39.0
node-red-node-twilio:39.0
twi:39.0
node-pdu:39.0
movile-messaging:38.800000000000004
node-libsms:38.8
nimbow-client:38.8
twil:38.8
sinch-sms-sender:38.60000000000001
slstat:38.60000000000001
node-red-contrib-kandy-sms:38.6
trailpack-twilio:38.599999999999994
sinch-sms:38.400000000000006
yarnpkg:38.400000000000006
sms-device:38.400000000000006
raw-modem:38.400000000000006
tarsius-messaging-sms-twillio:38.2
sinch-auth:38.2
moleculer-twilio:38.2
lipisha:38.2
tarsius-messaging-sms-zenziva:38.0
sinch-messaging:38.0
smsapicom:38.0
components-intisclient:38.0
node-bulk-sms:37.800000000000004
thehelp-last-ditch:37.800000000000004
