sentiment:96.03
afinn-165:96.03
afinn-111:95.7
Sentimental:87.78
personify:82.335
sentiment-swedish:78.045
emoji-emotion:78.045
sentiment-v2:77.385
sentimental:76.89000000000001
afinn-96:76.72500000000001
empath-sentiment-analysis:76.065
sentiment-ptbr:73.425
sentiment-polish:72.105
emojimation:71.775
hubot-sentiment:71.44500000000001
ml-sentiment:71.445
sentiment-analysis:71.445
node-sentiment:65.83500000000001
sediment:65.01
troll:64.67999999999999
made-in-denmark:64.35
sentiment-alyze:64.185
google-nlp:63.69
datasets-liu-negative-opinion-words-en:63.36
compendium-js:63.03
datasets-liu-positive-opinion-words-en:62.7
stanford-corenlp:62.370000000000005
lexemic:62.370000000000005
mad-science-modules:62.03999999999999
awesome-mad-science:61.709999999999994
spanishdal:61.379999999999995
node-dlp-sentiment:61.215
made-in-netherlands:59.730000000000004
dracula-sentiment:59.235
sentiment-french:59.07000000000001
sentiword:58.905
sentiment-multilang:58.739999999999995
sentimentjs:58.41
heatjs:58.08
influence:57.42
vh-sentiment:55.11
senti:54.945
viralheat-sentiment:54.78
node_alchemy:54.45
sentiment-zh_cn:54.120000000000005
this-is-probably-ok-to-say:53.459999999999994
emotions-multilang:53.129999999999995
npmtest-salient:52.8
nlp-node:52.47
havenondemand:51.81
uncensor:51.480000000000004
alchemy-api-nav:51.150000000000006
sentiyapa.js:50.82000000000001
emotional-emoticons:50.489999999999995
rangen:49.83
node-red-node-alchemy-sentiment:49.5
corenlp-js-interface:49.17
analysis:49.17
iod-node:48.84
sentiment-custom-lists:48.510000000000005
npmdoc-salient:47.849999999999994
npmdoc-sentiment:47.52
nlp_sf:47.19
grandiloquent:46.53
emotional:46.2
indiansentiment:45.870000000000005
corenlp-js-prefab:45.540000000000006
sentiment-spanish:45.21000000000001
semantria-node:44.88
alchemy-news-api:44.55
crunchable:44.22
npmtest-sentiment:43.89
advanced-sentiment:43.230000000000004
datumbox:42.900000000000006
alchemy-api:42.24
npm-collection-language-tools:41.91
salient_for_meteor:41.58
botbuilder-handoff:41.25
made-in-brazil:40.92
hashpokemongo:40.59
jarvis-bot:40.260000000000005
atsaty:39.6
outengine:39.269999999999996
korean-sentiment-analyzer:38.94
salient:38.61
watson-developer-cloud:38.28
lexicons:37.620000000000005
bank-fan:37.290000000000006
multi-sentiment:36.96
gotsentimental:36.63
malver:36.3
playbulb:35.97
botfuel-nlp-sdk:35.64
indico.io:35.31
terrasentiments:34.980000000000004
sentiment140-nodejs-client:34.650000000000006
sentiment140:34.32
ember-semantic-analysis:33.99
chronist:33.66
neural-now:33.33
speakeasy-nlp:33.0
watson-developer-cloud-async:32.67
ss-message:32.34
intercom-to-mongodb:32.010000000000005
bot_handoff:31.35
made-in-india:31.020000000000003
