similarity:0.39989961336282276
similar:0.29992913884434547
string-similarity:0.22495199728165333
word2vec:0.07497714156269211
didyoumean2:1.4241702852095279E-5
image-ssim:1.4241702852095279E-5
dom-node-similarity:1.4241702852095279E-5
color-similarity:1.4241702852095279E-5
jaccard-index:1.4241702852095279E-5
ml-distance:1.4241702852095279E-5
levsimilarity:1.4241702852095279E-5
jaccard-similarity-sentences:1.4241702852095279E-5
peaks-similarity:1.4241702852095279E-5
sentence-similarity:1.4241702852095279E-5
compute-cosine-distance:1.4241702852095279E-5
nearest-neighbor:1.4241702852095279E-5
jaccard-stream:1.4241702852095279E-5
similarity-matrix:1.4241702852095279E-5
covectric:1.4241702852095279E-5
marc-record-similarity:1.4241702852095279E-5
textsimilarity:1.4241702852095279E-5
compute-cosine-similarity:3.520566746104104E-68
