jacket-captcha:0.4000000000000002
googleclientlogin:0.3599999999999998
captcha:0.23999999999999988
homosapien:1.776356839400252E-16
solvemedia:2.785911138197071E-25
