jacket-captcha:0.4000000000000002
googleclientlogin:0.29999999999999977
captcha:0.29999999999999977
homosapien:1.7763568394002523E-16
solvemedia:2.785911138197071E-25
