isemail:0.8972678514656051
person:0.1027320750792983
nice-is-email:2.7461073267623253E-8
validate.io:8.569826579901717E-9
legit:6.784527657962209E-9
emailvalidator:6.265942409452958E-9
emailaddress:6.265942409452958E-9
testdata-invalid-email:4.6395435557997866E-9
email-deep-validator:3.0437073588952865E-9
is-email-node:2.2061666279733526E-9
testdata-valid-email:1.7002719540749954E-9
is-email-like:1.3660819944392102E-9
email-address-check:1.131140445941323E-9
enhanced-email-deep-validator:9.582197125220803E-10
validate-email:8.70506206105882E-10
validate-email-shootout:8.263824588419451E-10
mailgun-email-validation:6.431742375532923E-10
tcomb-additional-types:5.751038325266669E-10
validate-email-dns:1.4748587756699027E-10
email-existence:8.237229251815721E-30
email-check:5.043844226030366E-30
mailcheck:3.8520542386154696E-30
email-exists:2.1871146473165226E-30
testdata-newtld-email:1.6925096790648295E-30
formula-isemail:1.3322719902502019E-30
