isemail:0.9999764351860461
nice-is-email:5.413191030607316E-6
legit:2.8296096795134744E-6
person:2.646472129942069E-6
emailvalidator:2.646472129942069E-6
emailaddress:2.646472129942069E-6
validate.io:2.084849949105886E-6
testdata-invalid-email:1.2302595369033524E-6
email-deep-validator:8.520423880351954E-7
is-email-node:6.424885285114526E-7
testdata-valid-email:5.108088993248355E-7
is-email-like:4.2107327631247037E-7
email-address-check:3.563482612833907E-7
enhanced-email-deep-validator:3.07658616955361E-7
validate-email-shootout:2.6982537561428024E-7
validate-email:2.621907254371731E-7
mailgun-email-validation:2.2174876909780487E-7
tcomb-additional-types:2.007727855887793E-7
validate-email-dns:2.2529741583966756E-8
email-exists:1.3653658619099904E-45
testdata-newtld-email:6.831070305728054E-46
email-existence:6.5378974308072425E-46
formula-isemail:3.618195278016105E-46
email-check:2.5161281950887253E-46
mailcheck:7.761300869930502E-50
