waxmiguel:0.08877722324177828
browserify-unibabel:0.00893166231783078
native-buffer-browserify:0.00893166231783078
base64-js:0.008931662317830779
text-encoding-polyfill:0.008931662317830774
grunt-data-uri:0.008852312679460126
gul:0.008852312679460123
gu:0.008852312679460121
gulp:0.008852312679460121
gulp-image:0.008852312679460121
g:0.00885231267946012
gulp-image-data-uri:0.00885231267946012
morse-mp3:0.008834360762045456
text2audio:0.008834360762045454
generator-babylonjs:0.008608700435566396
babylonjs-gui:0.008608700435566387
matter-js:0.008597170926054474
test-npm-1:0.008565580069991807
howler:0.008555938704829825
temboo.ino:0.008549756767931915
json-browser:0.008540829436697348
xsm-json:0.00854082943669734
pdf-to-text-yj:0.008537962529512264
smartico:0.008537962529512255
chalk:0.008070656658343568
cha:0.008070656658343521
loganalysis:0.00807065665834352
passport-ghost:0.008070656658343518
line:0.008070656658343512
jplayer:0.008070656658343512
videojs-ie8:0.00807065665834351
webrtc-scalable-broadcast:0.008070656658343507
videojs-spellbook:0.008070656658343502
thumbcoil:0.008070656658343502
jscs-preset-hexo:0.008070656658343502
shoelace-css:0.0080706566583435
angular-hello:0.0080706566583435
gnmt:0.0080706566583435
electron-packager-itchio:0.008070656658343498
wat:0.008070656658343498
lin:0.008070656658343497
read:0.008070656658343497
superhuman-mocha:0.008070656658343497
c:0.008070656658343495
videojs-contrib-hls-s1:0.008070656658343495
wavesurfer.js:0.008070656658343495
li:0.008070656658343493
textract:0.008070656658343493
testing-dda-rda:0.008070656658343493
heroku-fastly:0.008070656658343493
node-notifier-ping:0.008070656658343493
r:0.008070656658343493
babel-preset-camo:0.008070656658343493
videojs-playbackrate-adjuster:0.008070656658343492
watson:0.008070656658343492
watson-speech:0.008070656658343492
microm:0.00807065665834349
wa:0.00807065665834349
websocket-over-nodejs:0.008070656658343488
csv-streamify:0.008070656658343488
react-jplaylist:0.008070656658343486
zeptoify:0.008070656658343486
videojs-standard:0.008070656658343486
soundmanager2:0.008070656658343486
electron-complete-builder:0.008070656658343486
pet-api:0.008070656658343486
super-search:0.008070656658343486
yaye:0.008070656658343485
l:0.008070656658343485
electron-runtime:0.008070656658343485
awesome-electron:0.008070656658343485
req:0.008070656658343485
reque:0.008070656658343485
request:0.008070656658343485
nativescript-dev-webpack:0.008070656658343485
justo-plugin-gh-pages:0.008070656658343483
w:0.008070656658343483
vsce:0.008070656658343483
generator-react-options:0.008070656658343481
videojs-flash-saints:0.008070656658343481
re:0.008070656658343481
requ:0.008070656658343481
generator-livestrong-micro:0.008070656658343481
qless:0.008070656658343481
text-to-format:0.008070656658343481
generator-videojs-plugin:0.00807065665834348
three.js:0.00807065665834348
spm-jquery:0.008070656658343478
wait-grunt:0.008070656658343478
clui:0.008070656658343476
popcorn-streamer-server:0.008070656658343474
spmh:0.008070656658343474
jquery:0.008070656658343472
videojs-contrib-ads:0.008070656658343472
citgm:0.00807065665834347
contrib:0.00807065665834347
standard-version-esdoc:0.00807065665834347
annyang:0.008070656658343466
react-jplayerss:0.008070656658343466
mux.js:0.008070656658343459
linear:0.008070656658343457
normalize.css:0.008070656658343455
atom-win:0.008070656658343453
reset-css:0.008070656658343452
buzz:0.008070656658343452
linear16:0.008070656658343438
fis-msprd-autoprefixer_6_6_1:0.008070656658343438
mdn-data:0.008070656658343434
xebra.js:0.008070656658343433
luis-sdk:0.008070656658343429
ch:0.00807065665834342
sceon-fluent-ffmpeg:0.008070656658343384
text-to-speech:-0.0
text-to-speech-js:-0.0
znetstar-olympus:-0.0
t:-0.0
te:-0.0
tex:-0.0
text:-0.0
video-indexer:-0.0
