text-to-speech:0.32499999999678253
text-to-speech-js:0.32499999999678253
node-red-contrib-voicerss-tts:0.18333333333333254
vui-ad-hoc-alexa-recognizer:0.16666666666666669
accessibility:2.1449805771354883E-12
tts:2.1449805771354883E-12
voices:2.1449805771354883E-12
iobroker.sayit:9.325467800447905E-16
aws-tts:2.027892721571505E-20
react-speech-recognition:6.964771929069655E-25
festival:1.9721297450543913E-31
bingspeechrecognition-api:5.629499534213128E-37
talkify-tts:1.0586586478710715E-37
watson-speech:4.739367218001186E-41
microsoft-speech-browser-sdk:4.4536953445538575E-44
annyang:6.809445922808964E-47
linear16:1.3971682790889816E-49
nativescript-speech-recognition:3.2443300981298482E-52
cordova-plugin-tts:7.022014189274784E-55
espeak:1.0041587778449409E-57
