voices:0.6499999996539153
node-red-contrib-voicerss-tts:0.18333333333333238
vui-ad-hoc-alexa-recognizer:0.16666666666666655
microsoft-speech-browser-sdk:2.078470527464954E-10
text-to-speech:7.617370676604914E-11
text-to-speech-js:4.493461902459295E-11
espeak:1.7128881636880872E-11
iobroker.sayit:9.3254678004479E-16
accessibility:2.7755575615628914E-16
tts:2.7755575615628914E-16
aws-tts:2.0278927215715044E-20
react-speech-recognition:6.964771929069652E-25
festival:1.9721297450543908E-31
talkify-tts:8.272118766742514E-35
bingspeechrecognition-api:5.629499534213132E-37
watson-speech:1.297054328055368E-38
annyang:3.3251701701296235E-42
linear16:1.5687174714954863E-45
nativescript-speech-recognition:9.65662608741314E-49
cordova-plugin-tts:5.0000000000000104E-52
