card-js:0.9047503082115064
card-validator:0.010660060049543698
luhn-alg:0.010421244703598924
validity:0.00975976099110984
credit-card:0.008142784234696361
luhn:0.007001227328189876
payment:0.006945265162286991
credit-card-type:0.006029279082904707
jquery.payment:0.005754307948730846
credit-card-validation:0.0057117498070446415
creditcard.js:0.004821999907972824
react-card-input:0.0036610633115975013
payform:0.0031722033022146584
angular-credit-cards:0.002970940327071809
credit-card-validate:0.002434278045518977
mod10:0.002384491446190717
joi-creditcard-extension:0.0017609073052389241
creditcards-types:0.0014015677251083976
bp-creditcards:0.0011632233376818292
npmdoc-credit-card:2.7030032732371204E-4
card:2.5363581481157465E-4
credit-card-validator:1.8134757562778851E-4
is2:1.4732966405008347E-4
isccnumber:2.0733635071574728E-5
vava:1.8926238357337463E-5
stripe-card-validator:1.7403307321989372E-5
card-validate:1.610294901067376E-5
cc-validator-node:1.497996533584972E-5
angular-card:1.415245465073633E-5
react-credit-card:1.415245465073633E-5
card-react:1.415245465073633E-5
ember-credit-card:1.415245465073633E-5
npmtest-credit-card:1.4000587864149583E-5
parsley-payment:1.313908518139337E-5
luhn-check:1.2375509818528315E-5
credit-card-es6:1.1694162137333888E-5
gi-commerce:4.7591312772307E-6
creditcardutils:3.489758680879178E-54
node-luhn:3.0493745677286873E-56
angular-credit-cards-release:2.5984253714146953E-58
angular.validators:1.9726794984390906E-60
bp-angular-credit-cards:1.1619118667536128E-62
valid-card-number:3.9167158758364155E-65
is2-2:2.2181210225573607E-71
