card-js:0.8842939137894215
card-validator:0.016940705260133755
luhn-alg:0.015492143117111171
payment:0.012640997766690936
luhn:0.011884551367345902
credit-card-type:0.00973415116473118
validity:0.00973415116473118
credit-card:0.006971433590133956
creditcard.js:0.005586781846814068
jquery.payment:0.005024404413366384
react-card-input:0.003922744627035936
angular-credit-cards:0.0036717916450020034
credit-card-validation:0.0032946045646757177
mod10:0.0025607010854966457
joi-creditcard-extension:0.0018938619128784754
creditcards-types:0.0016722812181682778
bp-creditcards:0.0012914748563866282
payform:8.239208349444931E-4
credit-card-validator:3.524669188359014E-4
credit-card-validate:3.2812010281967313E-4
angular-card:2.996378850495837E-4
react-credit-card:2.996378850495837E-4
card:2.996378850495837E-4
card-react:2.996378850495837E-4
ember-credit-card:2.996378850495837E-4
npmdoc-credit-card:1.800458932558634E-4
is2:4.353608389675582E-5
isccnumber:2.4018278325825724E-5
vava:2.193338981134555E-5
stripe-card-validator:2.0175933188674307E-5
card-validate:1.867477034915389E-5
cc-validator-node:1.7377930877703814E-5
npmtest-credit-card:1.624657225155083E-5
parsley-payment:1.5251086531371304E-5
luhn-check:1.4368513830940077E-5
credit-card-es6:1.3580778255912172E-5
gi-commerce:1.4000974531923935E-6
creditcardutils:3.4897586808791775E-54
node-luhn:3.049374567728687E-56
angular-credit-cards-release:2.598425371414693E-58
angular.validators:1.9726794984390872E-60
bp-angular-credit-cards:1.1619118667536117E-62
valid-card-number:3.916715875836412E-65
is2-2:2.2181210225573607E-71
