card-validator:0.1747060668359882
payment:0.13002311784620546
luhn:0.11452590350172447
luhn-alg:0.10689084326827616
credit-card-type:0.09979855473746221
validity:0.09979855473746221
credit-card:0.06381481751163075
jquery.payment:0.050677662348807634
creditcard.js:0.041558774274522
angular-credit-cards:0.03778070388592909
credit-card-validation:0.03581266580696998
creditcards-types:0.01683125573058544
payform:0.007858024870437026
credit-card-validator:0.003211359830303973
credit-card-validate:0.002919418027549066
angular-card:0.002676133191919977
react-credit-card:0.002676133191919977
card:0.002676133191919977
card-react:0.002676133191919977
ember-credit-card:0.002676133191919977
is2:4.116108265467015E-4
creditcardutils:5.687014146617954E-54
node-luhn:4.969351147409736E-56
angular-credit-cards-release:4.234470975638784E-58
angular.validators:3.214736960419277E-60
bp-angular-credit-cards:1.893486005079971E-62
valid-card-number:6.382796242103825E-65
