franc:0.26472830783297935
franc-min:0.2206069231941609
franc-all:0.18909164845214488
franc-cli:0.16011792812480782
guesslanguage:0.14410613531232955
retext-language:0.021349057083301762
italiano:1.4371577784043182E-13
language-detect:8.077896758664315E-14
languagedetect:5.1525646865051834E-14
detect-character-encoding:5.259072701473416E-32
retext-sentiment:1.7294057707404899E-38
polarity:4.433560226839504E-42
tika:2.0916232953273194E-45
detect-lang:1.287550144988421E-48
speak-tts:6.666666666666693E-52
