franc:0.2647283078330707
franc-min:0.22060692319422562
franc-all:0.1890916484521934
franc-cli:0.16011792812484119
guesslanguage:0.14410613531235705
retext-language:0.021349057083312157
retext-sentiment:1.7294057707404906E-38
languagedetect:6.920283219098074E-39
polarity:4.433560226839504E-42
italiano:1.3315322043585787E-42
tika:2.0916232953273197E-45
language-detect:4.193546991814549E-46
detect-lang:1.287550144988421E-48
detect-character-encoding:1.29355014498842E-49
speak-tts:6.6666666666666976E-52
