realdom:0.9999999999982008
tsdom:1.4721686443010067E-12
ng-html-util:1.340716790001659E-13
dom101:5.2716735968438126E-14
css-util:2.933035054048278E-14
tagbuildr:2.8725276225999725E-14
dom-util:2.2891316249808905E-14
dom-utils:1.9914782017668207E-14
react-classset:1.8266945746978966E-14
domanip:1.2724737496853312E-14
elementsJS:4.56164733753751E-15
tnt-dom:3.638975320790347E-15
direct:5.6345920831949795E-31
bti-dom-utils:3.216562306913197E-36
dominus:5.891395600354403E-41
quasi:2.9769185864325544E-52
dom101-2:2.0772204558752027E-54
eurostar-dom-utility:1.4621593233020176E-56
sebastiendaniel-utilities:9.418302479270823E-59
jvg:4.808879772608071E-61
aegis-js:1.4299953865683734E-63
