realdom:0.8571428571428478
dom-utils:0.14285714285714274
tsdom:9.213648807454351E-15
direct:1.2688263125306975E-16
ng-html-util:1.935832962489616E-21
dom101:7.972361817833971E-23
tagbuildr:2.1221910981400608E-23
react-classset:8.748541647966395E-24
css-util:4.590811037423934E-24
domanip:4.46112757137286E-24
dom-util:2.5911038737570474E-24
elementsJS:1.2353605018897352E-24
tnt-dom:8.314984825814279E-25
dominus:6.633121757612066E-26
bti-dom-utils:6.633121757612066E-26
quasi:2.9769185864325574E-52
dom101-2:2.0772204558752042E-54
eurostar-dom-utility:1.4621593233020194E-56
sebastiendaniel-utilities:9.41830247927083E-59
jvg:4.8088797726080744E-61
aegis-js:1.429995386568374E-63
