snape:0.49999999999999895
video:0.49999976832295906
download-cli:7.722568042185507E-8
ndownload:7.722568042185507E-8
manifest:7.722568042185507E-8
webvd:8.881784169142148E-16
peardownloader:1.3929543858139321E-24
jul11co-webdl:3.9442594901087847E-31
evdh:1.1258999068426268E-36
download:1.1258999068426268E-36
