snape:0.49999999999999906
video:0.15
download:0.12499999999999997
download-cli:0.07500000000000002
ndownload:0.07500000000000002
manifest:0.07499999999999997
webvd:8.88178416914215E-16
peardownloader:1.3929543858139321E-24
jul11co-webdl:3.944259490108785E-31
evdh:1.1258999068426265E-36
