eat-daily-jam:0.49999999999999967
music:0.24999999999999997
videos:0.24999999999999997
grooveshark-streaming:4.4408920938574426E-16
grooveshark-downloader:2.3215926151642246E-25
vexflow-musie:2.3215926151642246E-25
