eat-daily-jam:0.4999999993465299
music:0.24999999999999997
videos:0.24999999999999997
grooveshark-streaming:6.534702272818121E-10
grooveshark-downloader:2.112751000380387E-21
vexflow-musie:2.3215926151642246E-25
