quagga:0.29166666666666663
exif:0.29166666666666663
extract:0.29166666666666663
bytescout:0.12500000000000017
barcode-reader:3.451148251675762E-30
bwip-js:2.954946087746686E-35
barcode-js:1.0821269192810002E-39
jaguar:6.950371402048203E-44
