quagga:0.2430555555555559
barcode-reader:0.24305555555555516
exif:0.19444444444444464
extract:0.1944444444444442
bytescout:0.12499999999999994
bwip-js:1.479080421838683E-30
barcode-js:8.443476055647148E-36
jaguar:1.5464913450930307E-40
