Testchai21:0.08574047010113664
barcode-reader:0.014290078350189452
znetstar-olympus:0.014290078350189452
cordova-plugin-audiorecorder:0.014290078350189441
popcorn-streamer-server:0.014290078350189403
qartjs:0.01322317204802594
bwip-js:0.013223172048025932
pdf-extract:0.013223172048025924
waxmiguel:0.013223172048025924
b:0.013223172048025922
bw:0.013223172048025911
bwip:0.01322317204802591
persistent-ghost:0.01319084155402099
yaye:0.013190841554020989
a:0.013190841554020984
as:0.013190841554020984
asp:0.013190841554020978
spm-jquery:0.013190841554020977
ves-jquery-ui:0.013190841554020977
qr-image:0.013190841554020975
asposestoragecloud:0.013190841554020966
jqueryui-browser:0.013190841554020966
myNpml:0.013190841554020966
swg-sizzle:0.013190841554020965
jquery-mobile:0.013190841554020963
asposebarcodecloud:0.013190841554020961
jquery1-browser:0.013190841554020961
qunitjs-2:0.013190841554020961
passport-ghost:0.013190841554020952
justo-plugin-gh-pages:0.013190841554020949
angular-ide-loader:0.013190841554020916
watcher:0.013009928364163464
nativescript-dev-webpack:0.012744419622037682
webcamjs:0.01274441962203768
exif-js:0.012744419622037675
naver-bower:0.012744419622037673
wiser:0.012508411851259222
testing-dda-rda:0.01250841185125921
generator-react-options:0.0125084118512592
loganalysis:0.01231426827496593
pdf3json:0.012302982513703662
x-pdfjs-dist:0.01230298251370366
cordova:0.012249951178563144
cor:0.012249951178563142
cordova-plugin-scanbot-sdk:0.012249951178563142
co:0.012249951178563137
cord:0.01224995117856313
c:0.012249951178563128
shimney-requirejs:0.0122075060733392
jsqr:0.012207506073339173
kaomojify-js:0.012199898313586586
cordova-js:0.012199898313586583
bytescout:0.012198906803472506
react-openapi:0.012198706495255602
react-mediaplayer:0.012198706495255602
heroku-fastly:0.012182333775463874
pet-api:0.012182333775463867
blob-stream:0.012056387658466223
unitive-pdfkit:0.01205638765846621
npm-www:0.01205638765846621
ng-cordova:0.012053304658875353
ng2-cordova-oauth:0.01205330465887535
node-hid:0.012053304658875347
barcode:0.012015869042606516
ba:0.01201586904260651
bar:0.01201586904260651
barc:0.012015869042606507
barcode-js:0.012015869042606502
exif-parser:0.011988795122278139
testasdf:0.011966447379052109
citgm:0.011959408879413056
fv:0.011959408879413045
temboo.ino:0.011919961311705888
mdn-data:-0.0
sinon:-0.0
sampleone:-0.0
quagga:-0.0
th-karma:-0.0
