waxmiguel:0.038461538461538006
generator-vue-manager:0.019230769230769298
selectionsort:0.01923076923076927
jquery-colorbox:0.019230769230769267
m:0.019230769230769267
cloudinary-react:0.019230769230769263
generator-react-options:0.01923076923076926
kong:0.01923076923076926
scroll-to-top:0.019230769230769256
mdn-data:0.019230769230769253
nativescript-dev-webpack:0.019230769230769253
testasdf:0.019230769230769246
loganalysis:0.019230769230769246
zopfli-webpack-plugin:0.019230769230769242
infinite-scroll:0.019230769230769242
mysql:0.01923076923076924
payapi-debug:0.01923076923076924
sequency:0.01923076923076924
jquery:0.01923076923076924
i:0.01923076923076924
iso:0.01923076923076924
isotope:0.01923076923076924
rollup:0.019230769230769235
isotope-layout:0.019230769230769235
is:0.019230769230769232
testing-dda-rda:0.01923076923076923
vsce:0.01923076923076923
traceur-runtime:0.01923076923076923
pdfmake:0.01923076923076923
generator-livestrong-micro:0.01923076923076923
angular-file-upload:0.01923076923076923
myNpml:0.019230769230769225
streamjs:0.019230769230769225
naver-bower:0.019230769230769225
sassy-font-awesome:0.01923076923076922
zcourts-angular-router-master:0.01923076923076922
angular-engine.js:0.01923076923076922
cognitive-services:0.019230769230769218
samyduarte:0.019230769230769218
my:0.019230769230769214
zz.ui.mdl.menuitem:0.019230769230769214
ahcnes:0.019230769230769214
sts-sendgrid:0.01923076923076921
pet-api:0.019230769230769204
angular-touch:0.019230769230769204
ckeditor-dev:0.0192307692307692
galileo-agent:0.019230769230769194
heroku-fastly:0.019230769230769173
popcorn-streamer-server:0.019230769230769166
sendgrid-extended:0.01923076923076906
jobs.js:0.019230769230769003
znetstar-olympus:-0.0
