health:0.9999626574775236
webtorrent-health:1.8766164005589433E-5
torrent-tracker-health:1.134278107020295E-5
lifetracker:7.2335774007551805E-6
webtorrent-tracker:1.267650600228233E-21
bittorrent-tracker:1.267650600228233E-21
carotte-dashboard:2.7609186013406054E-30
torrent-tracker-health-ce:2.3639568701973454E-35
quantified:8.657015354247996E-40
windows.devices.pointofservice:5.560297121638561E-44
