health:0.9999947278984025
webtorrent-health:2.5483379115010033E-6
torrent-tracker-health:1.806324397054559E-6
lifetracker:9.174392889323492E-7
webtorrent-tracker:1.2676506002282332E-21
bittorrent-tracker:1.2676506002282332E-21
carotte-dashboard:2.7609186013406054E-30
torrent-tracker-health-ce:2.3639568701973457E-35
quantified:8.657015354247998E-40
windows.devices.pointofservice:5.560297121638561E-44
