three-clara:0.45000000000000007
threejs-extras-examples:0.4000000000000001
three:0.15000000000000002
