three-clara:0.9999999989544477
threejs-extras-examples:5.227761818279853E-10
three:5.227761818279853E-10
