B:0.6521739130434783
A:0.34782608695652173
E:0.0
C:0.0
D:0.0
Q:0.0
J:0.0
H:0.0
I:0.0
