mathjs:0.19473293768240604
math.js:0.18694362018081573
functions:0.17256334170513768
expr-eval:0.0958685231657291
math:0.07190139237541646
gamma:0.0719013923749126
nearest-periodic-value:0.047934261584074586
contained-periodic-values:0.035950696188508866
skipped-periodic-values:0.028760556951044444
chi-squared:0.023967130792661002
es6-math:0.020543254965201697
compute-signum:0.017975348094582153
compute-erf:0.01597808719519622
fparser:0.014979456744313611
math-evalrational:2.2389360649594395E-51
math-gamma:2.161410711285396E-53
compute-erfinv:2.2509132279114637E-55
math-erf:2.378980127226281E-57
math-erfc:2.3873060164713903E-59
compute-erfc:2.089150279089782E-61
math-digamma:1.3939090322597443E-63
compute-erfcinv:5.246833364338435E-66
