mathjs:0.15525652011604404
math.js:0.11968711491251414
functions:0.11048041362056223
expr-eval:0.08933909874706458
es6-math:0.06872144903007528
gamma:0.06700432431013885
math:0.04705647146086025
nearest-periodic-value:0.04466954981993918
random-pro:0.04194163972227785
contained-periodic-values:0.03350216251124914
skipped-periodic-values:0.02680173009025608
chi-squared:0.022334775123684782
mathsass:0.020970820665220498
coffeelint-config-groupon:0.013980547139417696
fparser:0.013959234011173743
compute-signum:0.011508376679675037
keen-query:0.010485410297047538
compute-erf:0.010229668129328332
graphy-js:0.008388328180176319
eslint-config-groupon-react:0.006990273436657708
insect:0.0059916629087970715
simple-math:0.005242705016059693
rational-number:0.004660182213250817
zol:0.004194163973143018
rpgdicejs:0.00381287632385427
pusher.math:0.0034951366174810435
contour_plot:0.003226279943959179
math_example_sean:0.0029958313675496353
math-extras:0.0027961092687280495
more-math:0.0026213524328653065
sylver:0.002467155225256258
numjs:0.002330091041139107
tiered-numbering:0.0022074546662352486
golden-type:0.0020970819291273807
adnn:0.001997220881529765
squarejs:0.0019064381112122
complex-dice:0.0018235494950308967
mathfunctions:0.0017475682637017246
rawdevjs-math-matrix:0.0016776655310279476
misual:0.001613139931767766
rawdevjs-math-color:0.0015533940066424492
gannit:0.0014979156476999007
wolkd:0.0014462633825685456
pyextjs:0.0013980546018604629
numjsx:0.0013529560651416687
eslint-config-groupon-node6:0.0013106761870329872
json-e:0.0012709587258380426
ete:0.0012335775859427967
eslint-config-groupon-es5:0.0011983325112323098
pocketwrench:0.0011650454962713844
num4js:0.0011335577794559194
bigbang:0.0011037273109298436
eslint-config-groupon-node4:0.0010754266100532932
jqx-elements:0.0010485409442505668
math-evalrational:7.577937450631951E-52
math-gamma:7.315543945889037E-54
compute-erfinv:7.61847554062342E-56
math-erf:8.05193273830434E-58
math-erfc:8.080112671133939E-60
compute-erfc:7.070970175380804E-62
math-digamma:4.717845955340677E-64
compute-erfcinv:1.7758512925453178E-66
dicetower:1.5481850831143194E-81
gsl-sf:3.1734602479627086E-83
stylint-config-groupon:3.360941510166298E-85
