functions:0.22972413074743847
expr-eval:0.14353642030067482
mathjs:0.13925666470327644
math.js:0.109561754471388
gamma:0.055636824762173416
es6-math:0.04825307571096308
nearest-periodic-value:0.037091217675544075
math:0.03292119684428276
contained-periodic-values:0.027818413825847578
random-pro:0.026995386364690226
skipped-periodic-values:0.022254731364248888
chi-squared:0.018545609645395797
mathsass:0.013497694552860422
compute-signum:0.01053478454569606
compute-erf:0.009364252898760724
coffeelint-config-groupon:0.00899846308360126
keen-query:0.006748847205264503
graphy-js:0.005399077655942442
eslint-config-groupon-react:0.0044992312907637345
insect:0.0038564838925020926
simple-math:0.003374423349377232
rational-number:0.002999487376174156
zol:0.002699538601523424
rpgdicejs:0.0024541259708768725
pusher.math:0.0022496154478889767
contour_plot:0.0020765680843550004
math_example_sean:0.0019282417744485795
math-extras:0.0017996923072599457
more-math:0.0016872115246310924
sylver:0.001587963776225492
numjs:0.0014997435562415186
tiered-numbering:0.0014208096759009384
golden-type:0.0013497691841911977
adnn:0.0012854944541102068
squarejs:0.001227062881753694
complex-dice:0.0011737123160756166
mathfunctions:0.0011248076312086158
rawdevjs-math-matrix:0.0010798153214276885
misual:0.0010382839588146371
rawdevjs-math-color:9.998289936638315E-4
gannit:9.641208119439347E-4
wolkd:9.308752636296662E-4
pyextjs:8.998460853672475E-4
numjsx:8.708187897207606E-4
eslint-config-groupon-node6:8.436057001848375E-4
json-e:8.180418889223363E-4
ete:7.939818313718537E-4
eslint-config-groupon-es5:7.712966343511069E-4
pocketwrench:7.498717261430951E-4
num4js:7.29604921162893E-4
bigbang:7.10404790203379E-4
eslint-config-groupon-node4:6.921892814123951E-4
jqx-elements:6.748845481233396E-4
fparser:1.732153702834815E-37
math-evalrational:7.577937450631969E-52
math-gamma:7.315543945889052E-54
compute-erfinv:7.618475540623442E-56
math-erf:8.05193273830436E-58
math-erfc:8.080112671133955E-60
compute-erfc:7.070970175380819E-62
math-digamma:4.717845955340687E-64
compute-erfcinv:1.7758512925453218E-66
dicetower:1.5481850831143218E-81
gsl-sf:3.1734602479627152E-83
stylint-config-groupon:3.3609415101663056E-85
