app:0.9999999999999982
koa:1.7763179664533904E-15
maya:1.9435916247667523E-20
zackva:2.7859111381970696E-25
zzg:1.577721810442024E-31
