ds.algo:2.5899692546876575E-15
sort-algorithms-js:1.4497951450476011E-15
quick-sort:1.1863069120793142E-15
popcorn-streamer-server:8.938162709970404E-16
js-quicksort:5.429752242443128E-16
sort-algorithms:4.437978305162024E-16
sort-algo:4.2604401994175247E-16
q-sort:4.0225933478285196E-16
mdn-data:3.8155107328837907E-16
pet-api:3.418489449846759E-16
znetstar-olympus:3.361230022612369E-16
s:3.175560400574228E-16
so:3.175560400574228E-16
sor:3.175560400574228E-16
sort:3.175560400574228E-16
algo-sort-bubble:2.3396744069058033E-16
kuhwick:2.012109825543624E-16
algo-quick-find:1.974603206639204E-16
bubble-sort-js:1.5638430491977078E-16
sorting:1.1932491941150102E-16
algo-quick-union:9.85539774789313E-17
algo-sort-jumpdown:9.250955036732468E-17
wasm-sort:9.049700008464849E-17
qsort.js:6.657086042355651E-17
via-sort:5.935668081179172E-17
ykd3:2.6089885324853055E-17
democracyos-natural-sort:1.542143706047011E-21
algo-sort-cocktail:6.95233349525787E-31
sugar-string:1.724881644365848E-59
olical-binary-search:1.6391692170260956E-64
ndarray-select:0.0
js-sorting-algorithms:0.0
loganalysis:0.0
mdn-browser-compat-data:0.0
jsonfp:0.0
lodash310patch:-5.038187639027818E-60
jsbin:-7.359098120629405E-53
amd-utils:-4.744527120631229E-52
underscoreWithTypings:-4.937520487813235E-52
ljz:-8.482174491266249E-29
insertion-sort-js:-4.679997592882957E-28
drop-merge-sort:-2.8465010144954866E-26
mergesort:-2.8353853500110145E-25
algo-sort-comb:-8.759893200102754E-23
quick-sort.js:-2.557023976581089E-22
node-sort:-0.9999999999999888
