js-sorting-algorithms:0.15904572564612138
sorting:0.14257143704934655
sort:0.13238776297439317
stable:0.13238776297439317
ndarray-select:0.11928429423459139
js-quicksort:0.05964214711729637
sort-algorithms:0.05780243909676262
sort-algorithms-js:0.050265570754576855
via-sort:0.03976143141153117
sort-algo:0.033945580249843905
qsort.js:0.029821073558648412
quick-sort:0.019039988922188444
ds.algo:0.01272959259369171
node-sort:0.011315193416614858
mergesort:4.670994881082729E-47
