js-sorting-algorithms:0.19795708289430503
sorting:0.14963415390804238
sort:0.12968293338616918
ndarray-select:0.1187742497414664
stable:0.09866609026838716
js-quicksort:0.05938712487504229
sort-algorithms:0.05477169306814484
sort-algorithms-js:0.04711021893972398
via-sort:0.039591416584204536
sort-algo:0.031016843117782036
qsort.js:0.029693562438155643
quick-sort:0.018775605125772296
ds.algo:0.01385501425167002
node-sort:0.011084011401134198
jsonfp:5.55111512312578E-17
mergesort:7.732456725465153E-41
