js-sorting-algorithms:0.1588210892282154
sorting:0.1423700689409956
sort:0.13220077830235308
stable:0.13220077830235308
ndarray-select:0.11911581692116144
js-quicksort:0.05955790846058086
sort-algorithms:0.05772079884637449
sort-algorithms-js:0.05019457558817163
via-sort:0.03970527230705413
sort-algo:0.033897635462141903
qsort.js:0.02977895423029069
quick-sort:0.019013096813701325
ds.algo:0.014124014775892427
node-sort:0.011299211820713907
jsonfp:5.551115123125793E-17
mergesort:4.379057701015061E-47
