mdn-data:0.010416666666667976
znetstar-olympus:0.010416666666666866
reset-css:0.01041666666666681
js-sorting-algorithms:0.010416666666666774
popcorn-streamer-server:0.010416666666666772
pet-api:0.010416666666666772
raphael-light:0.010416666666666732
testing-dda-rda:0.01041666666666672
javascript-algorithms-lib:0.010416666666666715
mathoid-mathjax:0.0104166666666667
spm-jquery:0.010416666666666697
lystable-commonmark:0.010416666666666692
ba:0.010416666666666692
justo-plugin-gh-pages:0.010416666666666689
eustia:0.010416666666666687
l:0.010416666666666685
citgm:0.010416666666666683
sn-intl-es-us:0.010416666666666683
resin-ghost:0.010416666666666682
amd-utils:0.010416666666666678
multihashes:0.010416666666666678
is-positive-integer:0.010416666666666676
lef:0.010416666666666676
heroku-fastly:0.010416666666666676
to:0.010416666666666675
sort-algorithms:0.010416666666666675
left-pad:0.010416666666666673
co:0.010416666666666673
is:0.010416666666666671
t:0.010416666666666671
tovar.js:0.010416666666666671
sorting:0.010416666666666671
qsort.js:0.010416666666666671
loganalysis:0.010416666666666671
jsbin:0.01041666666666667
c:0.01041666666666667
is-definitely-array:0.010416666666666668
paths-js:0.010416666666666668
ar.js:0.010416666666666668
mdn-browser-compat-data:0.010416666666666668
isa:0.010416666666666666
so:0.010416666666666666
is-d:0.010416666666666664
node:0.010416666666666664
sort-algorithms-js:0.010416666666666664
js-quicksort:0.010416666666666664
sor:0.010416666666666664
sort-algo:0.010416666666666664
jsonfp:0.010416666666666664
left:0.010416666666666663
ds.algo:0.010416666666666663
via-sort:0.010416666666666663
s:0.010416666666666663
sort:0.010416666666666663
waxmiguel:0.010416666666666663
jquery1-browser:0.010416666666666661
is-not-array:0.010416666666666661
node-string-pad:0.010416666666666661
lodash310patch:0.01041666666666666
myNpml:0.01041666666666666
highstock-release:0.01041666666666666
i:0.01041666666666666
is-:0.01041666666666666
no:0.01041666666666666
p:0.01041666666666666
node-sort:0.01041666666666666
ndarray-select:0.01041666666666666
isarray:0.010416666666666657
pa:0.010416666666666657
quick-sort:0.010416666666666657
babel:0.010416666666666656
is-def:0.010416666666666656
underscoreWithTypings:0.010416666666666654
aurelia-router-loader:0.010416666666666654
pad:0.010416666666666654
is-positive:0.010416666666666652
pad-left:0.010416666666666652
regulatorjs:0.01041666666666665
drmonty-leaflet:0.01041666666666665
n:0.01041666666666665
sugar-string:0.010416666666666649
b:0.010416666666666647
normalize.css:0.010416666666666645
bab:0.010416666666666645
le:0.010416666666666645
nod:0.010416666666666644
redraphael:0.01041666666666664
babe:0.01041666666666664
superhuman-mocha:0.010416666666666638
legit-inflectors:0.010416666666666631
babel-standalone:0.010416666666666626
qless:0.010416666666666624
passport-ghost:0.010416666666666616
ykd3:0.01041666666666661
olical-binary-search:0.01041666666666657
fis-msprd-autoprefixer_6_6_1:0.010416666666666564
