algorithms:0.2326332794830372
ranks:0.2326332794830372
ranked:0.2326332794830372
genes:0.14539579967689825
aggregation:0.12439418416801294
algorithmic:0.03231017770597739
computer-science-in-javascript:1.5464913450930315E-40
statsd:6.950371402048195E-44
