thehelp-messaging:0.07556149737852477
thehelp-last-ditch:0.07136363641305116
node-red-node-twilio:0.0665985860633973
easynexmo:0.06357137760597016
micro-app-notify-client:0.06357137760597016
sms-link:0.06357137760597016
bipsms:0.06357137760597016
frank-node-sms:0.06357137760597016
ali-sms:0.06357137760597016
x-sms:0.06357137760597016
byteskode-sms:0.06357137760597016
smsaero:0.06357137760597016
react-native-android-sms-listener:0.06357137760597016
send-sms:0.05533901433486733
sending-sms:0.047960479090218354
upmon-sms:0.02398023954510919
node-bulk-sms:0.01598682636340613
moleculer-twilio:0.004036277943236201
trailpack-twilio:0.003459666808488173
pswincom-gateway:1.810366482151566E-45
react-native-send-intent:2.254926180256947E-47
smsapicom:3.6467534952829164E-49
sms-device:7.209557501086806E-51
nimbow-client:1.662495349241778E-52
tz-command:4.3059189973343266E-54
weimi:1.2138397206585734E-55
react-native-sms:3.624217666954034E-57
cordova-sms-plugin-no-send-sms-permission:2.788554057127963E-58
smsconnect:1.1182232774152871E-58
zhoujianhui-cordova-plugin-sms:3.483035220870996E-60
sms:2.1170219007638984E-60
cordova-mysms-plugin:1.0698999385448374E-61
react-native-send-sms:1.2469298082233864E-62
smsexpress:3.161416793393781E-63
hubot-xmatters:8.73562829041424E-65
springedge:4.203304842361025E-65
look-out:2.1804015328062614E-66
postnewman:4.6934364244287516E-68
universal-twilio:8.129918944354333E-70
hook.io-twilio:1.0032646517514938E-71
o2sms:6.592162969645751E-74
