sediment:0.9999961566410117
troll:1.1688118527852113E-6
made-in-denmark:4.0668103154951153E-7
personify:2.7173841247712215E-7
google-nlp:2.003637057779462E-7
datasets-liu-negative-opinion-words-en:1.481043603984359E-7
compendium-js:1.1591357975354933E-7
sentiment:9.43490980421998E-8
datasets-liu-positive-opinion-words-en:9.43186799936472E-8
Sentimental:8.181217379370003E-8
sentiment-swedish:7.941800708864862E-8
lexemic:7.894341387948946E-8
sentiment-v2:7.5747019950126E-8
afinn-165:6.843981381716195E-8
mad-science-modules:6.75044073451034E-8
empath-sentiment-analysis:6.660442568828955E-8
sentiment-polish:6.188665118392412E-8
awesome-mad-science:5.8701076112059145E-8
afinn-111:5.636102395824484E-8
spanishdal:5.174173231006875E-8
emoji-emotion:5.119189550628925E-8
dracula-sentiment:5.0404710115136574E-8
afinn-96:4.4217421966037844E-8
made-in-netherlands:3.620968061088305E-8
sentiment-french:2.9289147143354568E-8
sentimental:2.9209669456038957E-8
sentiment-multilang:2.7278813970680887E-8
analysis:2.6892283572878003E-8
sentimentjs:2.5500082444302116E-8
heatjs:2.391651266923128E-8
sentiment-analysis:2.2728870132674482E-8
influence:1.8840178982103877E-8
sentiment-ptbr:1.858731742227471E-8
emojimation:1.5509090236801404E-8
hubot-sentiment:1.1653842264797748E-8
ml-sentiment:1.1097371950354963E-8
vh-sentiment:9.955628437356533E-9
viralheat-sentiment:9.536813753492534E-9
node_alchemy:9.1481551936214E-9
sentiment-zh_cn:8.786633387644966E-9
this-is-probably-ok-to-say:7.790922439814413E-9
emotions-multilang:7.50869366252218E-9
npmtest-salient:7.244040202310553E-9
sentiment-alyze:7.099279806641799E-9
nlp-node:6.995433879777347E-9
node-sentiment:5.209515728357022E-9
havenondemand:4.884605197993744E-9
uncensor:4.729237573821154E-9
alchemy-api-nav:4.58239338817214E-9
sentiyapa.js:4.443417701602627E-9
emotional-emoticons:4.311719641322306E-9
rangen:4.077187553985175E-9
node-red-node-alchemy-sentiment:3.96405756469179E-9
corenlp-js-interface:3.856358079017121E-9
iod-node:3.7537229134397934E-9
sentiment-custom-lists:3.6558174063367088E-9
npmdoc-salient:1.8688074692125158E-9
npmdoc-sentiment:1.822823801754683E-9
nlp_sf:1.7788021995406873E-9
node-dlp-sentiment:1.7669444442655318E-9
grandiloquent:1.7063051396590745E-9
emotional:1.6672663128862425E-9
indiansentiment:1.6297783452845736E-9
corenlp-js-prefab:1.5937543857946646E-9
sentiment-spanish:1.5591138136353294E-9
semantria-node:1.5257816965643529E-9
alchemy-news-api:1.4936883042228775E-9
crunchable:1.4627686701771103E-9
npmtest-sentiment:1.4329621970996927E-9
sentiword:1.3982952631562342E-9
advanced-sentiment:9.85611393984247E-10
datumbox:9.664270997416593E-10
alchemy-api:9.248101407177173E-10
npm-collection-language-tools:9.075807683454705E-10
salient_for_meteor:8.9091052843554E-10
botbuilder-handoff:8.747737621501906E-10
made-in-brazil:8.591463235080323E-10
hashpokemongo:8.440054709467278E-10
jarvis-bot:8.293297680003789E-10
senti:4.628115050377051E-10
stanford-corenlp:4.460671248581173E-10
atsaty:1.3472275187042088E-11
outengine:1.3247027024625295E-11
korean-sentiment-analyzer:1.3028348444607843E-11
salient:1.2815968114033555E-11
watson-developer-cloud:1.2609629117816026E-11
lexicons:5.91921631216575E-12
bank-fan:5.827319628453788E-12
multi-sentiment:5.7379140066011586E-12
gotsentimental:5.650903740240953E-12
malver:5.566197857844526E-12
playbulb:5.4837098373338496E-12
botfuel-nlp-sdk:5.403357340908655E-12
indico.io:5.325061968447779E-12
terrasentiments:5.248749027993884E-12
sentiment140-nodejs-client:5.174347321965224E-12
sentiment140:5.101788947859317E-12
ember-semantic-analysis:5.031009112322405E-12
chronist:4.961945957557108E-12
neural-now:4.894540399129508E-12
speakeasy-nlp:4.828735974317287E-12
watson-developer-cloud-async:4.764478700213274E-12
ss-message:4.7017169408646655E-12
intercom-to-mongodb:4.640401282787935E-12
bot_handoff:8.707298980010088E-102
made-in-india:1.3274775031437742E-103
