sentiment:0.22480029696851336
Sentimental:0.18733358080709456
afinn-165:0.1075326978490675
sentimental:0.10050441694389964
analysis:0.09593603435554056
sentiment-polish:0.06463560633625494
sentiment-v2:0.04309040422417023
dracula-sentiment:0.03231780316812771
empath-sentiment-analysis:0.025854242534502143
sentiment-swedish:0.02154520211208508
personify:0.01846731609607289
afinn-111:0.0163412179246861
emoji-emotion:0.01615890158406375
sentiment-ptbr:0.013402219961506465
sentiment-alyze:0.012917802372536348
afinn-96:0.005622624724134272
hubot-sentiment:0.0052210086724103905
node-sentiment:0.004872941427583027
sentiment-analysis:0.0019777498499627946
senti:7.339660438941227E-4
sentiword:7.339660438941227E-4
emojimation:2.637216831318797E-55
stanford-corenlp:2.1976901090186013E-55
ml-sentiment:4.395392764686881E-56
node-dlp-sentiment:3.552713678800513E-67
