passport-oauth2:0.4999999999999505
external:0.4999999999999505
bell:9.670849661926634E-14
plug-auth-client:1.998401429699265E-15
passport-tanda:1.0362081563168093E-16
passport-openid:1.0362081563168093E-16
hawk:1.0362081563168093E-16
bell-oidc:7.312998101460352E-24
plug-auth-server:6.2119250350724394E-30
retsly-js-auth:8.8632160097827E-35
passport-oauth2-resource-owner-credentials:6.487765517904436E-39
fireauth:1.248311441586167E-42
node-sp-auth:2.7770832204285678E-43
derby-user-providers:3.931450304826135E-46
loopback-passport:4.3790577010150524E-47
punch-auth:1.212703260926642E-49
