ember-cli-cordova-auth:0.7198187699484431
passport-oauth2:0.228681437660274
external:0.05148191890629294
bell-oidc:5.420645210763022E-6
bell:5.208193154847943E-6
plug-auth-client:4.52566684512949E-6
plug-auth-server:2.7189793140204684E-6
hawk:1.8499202723069266E-13
passport-tanda:1.4009611746495791E-13
passport-openid:1.4009611746495791E-13
aurelia-authentication:1.114871971903467E-30
protoculture-hapi:3.2615674699063096E-31
travelogue-resurrected:1.283797601761166E-31
travelogue-hapi4:6.026299032297643E-32
restla:3.1840923907320816E-32
hubot-flowdock-attend-own-account:1.8325391892363557E-32
loopback-passport:1.4491409146041622E-32
backendjs:8.016487758162361E-33
feathers-horizon:5.398978241822771E-33
retsly-js-auth:5.1715740813875715E-33
node-sp-auth:4.902097056172577E-33
hubot-flowdock:3.7620447676152636E-33
fireauth:3.3079502375087484E-33
passport-oauth2-resource-owner-credentials:2.0867946902614332E-33
hubot-flowdock-resin:1.089160713828257E-33
derby-user-providers:2.2465430313292202E-46
punch-auth:6.929732919580818E-50
firebaseauth:3.172065784643313E-67
