similarity:0.4998672305766367
similar:0.24994533023743856
string-similarity:0.1874629656447164
word2vec:0.06248236459272214
didyoumean2:1.424170285209531E-5
image-ssim:1.424170285209531E-5
dom-node-similarity:1.424170285209531E-5
color-similarity:1.424170285209531E-5
jaccard-index:1.424170285209531E-5
ml-distance:1.424170285209531E-5
levsimilarity:1.424170285209531E-5
jaccard-similarity-sentences:1.424170285209531E-5
peaks-similarity:1.424170285209531E-5
sentence-similarity:1.424170285209531E-5
compute-cosine-distance:1.424170285209531E-5
nearest-neighbor:1.424170285209531E-5
jaccard-stream:1.424170285209531E-5
similarity-matrix:1.424170285209531E-5
covectric:1.424170285209531E-5
marc-record-similarity:1.424170285209531E-5
textsimilarity:1.424170285209531E-5
compute-cosine-similarity:3.52056674610411E-68
