jacket-captcha:0.3999999999999999
googleclientlogin:0.3999999999999999
captcha:0.19999999999999996
homosapien:1.7763568394002508E-16
solvemedia:2.7859111381970696E-25
