isemail:0.8642053513587064
person:0.13574049053901222
nice-is-email:1.005049327564228E-5
legit:9.84574908803828E-6
emailvalidator:9.455146371898331E-6
emailaddress:9.455146371898331E-6
validate.io:4.069612670263998E-6
testdata-invalid-email:2.4551070101063033E-6
email-deep-validator:1.7246104337519332E-6
is-email-node:1.3140956945877347E-6
testdata-valid-email:1.0534302322464823E-6
is-email-like:8.743220246613636E-7
validate-email:7.559715903164954E-7
email-address-check:7.442484183064376E-7
enhanced-email-deep-validator:6.458284636325263E-7
validate-email-shootout:5.689641184776379E-7
mailgun-email-validation:4.699150913293449E-7
tcomb-additional-types:4.2689376552581575E-7
validate-email-dns:2.485676606588356E-7
email-existence:3.99425912944949E-27
mailcheck:2.532349639168907E-27
email-check:1.859512874233664E-27
email-exists:4.1771498058151235E-28
testdata-newtld-email:3.344348157587652E-28
formula-isemail:2.7168043200319315E-28
