isemail:0.9987906262680688
legit:2.0259637287666497E-4
person:1.949708156340796E-4
emailvalidator:1.949708156340796E-4
emailaddress:1.949708156340796E-4
nice-is-email:1.562206007214583E-4
validate.io:6.802041852796472E-5
testdata-invalid-email:4.241810453859362E-5
email-deep-validator:3.0443740942338764E-5
is-email-node:2.356847997084338E-5
testdata-valid-email:1.9132991057924816E-5
is-email-like:1.6046635171465522E-5
email-address-check:1.3781703179222023E-5
enhanced-email-deep-validator:1.20525974207911E-5
validate-email:1.0852004963962201E-5
validate-email-shootout:1.069164850177916E-5
mailgun-email-validation:9.083551250183487E-6
tcomb-additional-types:8.294557627345646E-6
validate-email-dns:1.2578782782803485E-6
email-exists:1.6441846345786977E-45
email-existence:1.1516381298700992E-45
testdata-newtld-email:8.228324611415696E-46
formula-isemail:4.3592209743353485E-46
email-check:2.5161281950887237E-46
mailcheck:7.761300869930502E-50
