text-to-speech:0.3249999999967826
text-to-speech-js:0.3249999999967826
vui-ad-hoc-alexa-recognizer:0.17857142857142858
node-red-contrib-voicerss-tts:0.17142857142857043
accessibility:2.1449805771354907E-12
tts:2.1449805771354907E-12
voices:2.1449805771354907E-12
iobroker.sayit:9.323527345167335E-16
aws-tts:1.173016912442251E-19
react-speech-recognition:6.964771929069665E-25
festival:1.972129745054393E-31
bingspeechrecognition-api:5.629499534213133E-37
talkify-tts:1.0586586478710728E-37
watson-speech:4.739367218001189E-41
microsoft-speech-browser-sdk:4.4536953445538605E-44
annyang:6.80944592280897E-47
linear16:1.3971682790889835E-49
nativescript-speech-recognition:3.244330098129851E-52
cordova-plugin-tts:7.022014189274791E-55
espeak:1.0041587778449417E-57
