text-to-speech:0.3611111111075362
text-to-speech-js:0.3611111111075362
vui-ad-hoc-alexa-recognizer:0.27777777777777724
accessibility:2.383311752372764E-12
tts:2.383311752372764E-12
voices:2.383311752372764E-12
aws-tts:4.934324538412305E-16
react-speech-recognition:7.738635476744077E-25
festival:2.191255272282659E-31
bingspeechrecognition-api:6.254999482459042E-37
talkify-tts:1.176287386523413E-37
watson-speech:5.265963575556875E-41
microsoft-speech-browser-sdk:4.948550382837627E-44
annyang:7.566051025343301E-47
linear16:1.5524091989877599E-49
nativescript-speech-recognition:3.60481122014428E-52
cordova-plugin-tts:7.802237988083112E-55
espeak:1.1157319753832685E-57
