card-js:0.9131166636100493
card-validator:0.015185162302825557
validity:0.011254824110753273
luhn-alg:0.01040865798892404
luhn:0.00694349685834507
payment:0.006932837989474107
credit-card-type:0.006346036960150184
credit-card:0.006265067658925747
jquery.payment:0.004132240613509839
credit-card-validation:0.003773254534400178
creditcard.js:0.0032018153638279103
react-card-input:0.0022956026051466163
payform:0.0020761735748579427
angular-credit-cards:0.001957295922039056
credit-card-validate:0.0015812675530247151
mod10:0.0014941821053330421
joi-creditcard-extension:0.001102955363719387
creditcards-types:8.010871102834108E-4
bp-creditcards:6.856246959306882E-4
npmdoc-credit-card:1.086525489292239E-4
card:1.0304629777903582E-4
credit-card-validator:9.745082223818654E-5
is2:6.497375660905827E-5
isccnumber:7.458097666772447E-6
vava:6.807171375527467E-6
stripe-card-validator:6.258757638036516E-6
card-validate:5.7905428872491405E-6
cc-validator-node:5.38623425260254E-6
npmtest-credit-card:5.033660281081261E-6
angular-card:4.991544415091239E-6
react-credit-card:4.991544415091239E-6
card-react:4.991544415091239E-6
ember-credit-card:4.991544415091239E-6
parsley-payment:4.723547280226998E-6
luhn-check:4.448706764587462E-6
credit-card-es6:4.203481522286622E-6
gi-commerce:1.5532755954745037E-6
creditcardutils:3.489758680879181E-54
node-luhn:3.049374567728692E-56
angular-credit-cards-release:2.5984253714146974E-58
angular.validators:1.9726794984390922E-60
bp-angular-credit-cards:1.161911866753613E-62
valid-card-number:3.916715875836416E-65
is2-2:2.2181210225573623E-71
