card-validator:0.29235122637854677
payment:0.11262886824448116
luhn:0.10007366565665825
luhn-alg:0.09451401756462167
credit-card-type:0.0895945667597597
validity:0.0895945667597597
credit-card:0.06467432667634002
jquery.payment:0.044228751194067564
creditcard.js:0.0339850349774579
angular-credit-cards:0.028792876855901824
credit-card-validation:0.023414292150495508
creditcards-types:0.01197611302502692
payform:0.004227271126492311
credit-card-validator:0.001604848873935512
credit-card-validate:0.0014589535217595562
angular-card:0.0013373740616129265
react-credit-card:0.0013373740616129265
card:0.0013373740616129265
card-react:0.0013373740616129265
ember-credit-card:0.0013373740616129265
is2:1.937499266308976E-4
creditcardutils:5.687014146617941E-54
node-luhn:4.9693511474097245E-56
angular-credit-cards-release:4.2344709756387744E-58
angular.validators:3.214736960419268E-60
bp-angular-credit-cards:1.893486005079966E-62
valid-card-number:6.382796242103807E-65
