card-js:0.9249198982054823
card-validator:0.019377455309653825
luhn-alg:0.01003712224368215
payment:0.007332620771343964
luhn:0.0068481670058888125
credit-card-type:0.005897918344806473
validity:0.005897918344806473
credit-card:0.004252319184481376
creditcard.js:0.0028894849318028197
jquery.payment:0.002800009077535204
react-card-input:0.00201849696836159
angular-credit-cards:0.0018162104849233
credit-card-validation:0.0013510890826594244
mod10:0.0013118306562336392
joi-creditcard-extension:9.673813407872614E-4
creditcards-types:7.253505506293133E-4
bp-creditcards:5.955767565230056E-4
payform:2.6814543241075907E-4
credit-card-validator:9.64386398147665E-5
credit-card-validate:8.912028765329023E-5
angular-card:8.132013907753459E-5
react-credit-card:8.132013907753459E-5
card:8.132013907753459E-5
card-react:8.132013907753459E-5
ember-credit-card:8.132013907753459E-5
npmdoc-credit-card:5.3736169645606673E-5
is2:1.2625576524523134E-5
isccnumber:5.091431367925708E-6
vava:4.6458098132961985E-6
stripe-card-validator:4.270469150751901E-6
card-validate:3.950096750631566E-6
cc-validator-node:3.6735146851570415E-6
npmtest-credit-card:3.4323746392654575E-6
parsley-payment:3.220317301594972E-6
luhn-check:3.0324143068527004E-6
credit-card-es6:2.864787883879037E-6
gi-commerce:3.0272306301329285E-7
creditcardutils:3.4897586808791775E-54
node-luhn:3.0493745677286873E-56
angular-credit-cards-release:2.5984253714146946E-58
angular.validators:1.9726794984390875E-60
bp-angular-credit-cards:1.1619118667536115E-62
valid-card-number:3.916715875836413E-65
is2-2:2.2181210225573603E-71
