franc:0.40161943319838045
franc-min:0.2008097165991903
franc-all:0.1506072874493927
franc-cli:0.12145748987854252
guesslanguage:0.10931174089068826
retext-language:0.016194331983805668
retext-sentiment:1.7294057707404896E-38
languagedetect:6.920283219098072E-39
polarity:4.433560226839503E-42
italiano:1.3315322043585778E-42
tika:2.0916232953273187E-45
language-detect:4.193546991814542E-46
detect-lang:1.2875501449884206E-48
detect-character-encoding:1.2935501449884179E-49
speak-tts:6.6666666666666895E-52
