franc:0.4016194322652321
franc-min:0.20080971635458042
franc-all:0.1506072872950275
franc-cli:0.12145748977138882
guesslanguage:0.10931174079934758
retext-language:0.016194331958748084
italiano:1.175196149695539E-9
languagedetect:1.962973242401235E-10
language-detect:1.8418206788526179E-10
detect-character-encoding:5.259072701473409E-32
retext-sentiment:1.7294057707404886E-38
polarity:4.433560226839496E-42
tika:2.091623295327317E-45
detect-lang:1.2875501449884187E-48
speak-tts:6.6666666666666835E-52
