realdom:0.9999999335564447
tsdom:2.696778878945719E-8
ng-html-util:8.011116566259922E-9
css-util:7.299976281024152E-9
dom-util:6.501096707253852E-9
dom-utils:6.085654416959505E-9
dom101:4.25690663280122E-9
tagbuildr:2.760736807301198E-9
react-classset:1.9844865460614752E-9
domanip:1.5194964886569464E-9
elementsJS:5.728934055229658E-10
tnt-dom:4.834026711566072E-10
direct:5.634592083194974E-31
bti-dom-utils:3.216562306913197E-36
dominus:5.891395600354399E-41
quasi:2.9769185864325522E-52
dom101-2:2.077220455875202E-54
eurostar-dom-utility:1.4621593233020166E-56
sebastiendaniel-utilities:9.418302479270822E-59
jvg:4.808879772608068E-61
aegis-js:1.4299953865683731E-63
