realdom:0.8571428571317908
dom-utils:0.1428571428571426
tsdom:7.82027484898374E-12
ng-html-util:1.14708707246342E-12
dom101:4.944824797636922E-13
css-util:4.903468567584695E-13
dom-util:4.220615413505869E-13
tagbuildr:2.8349051690892884E-13
react-classset:1.8671989621153817E-13
domanip:1.3360524400033796E-13
elementsJS:4.872221033257349E-14
tnt-dom:3.9482476344988275E-14
direct:1.2688263125306963E-16
dominus:6.633121757612066E-26
bti-dom-utils:6.633121757612066E-26
quasi:2.9769185864325526E-52
dom101-2:2.077220455875204E-54
eurostar-dom-utility:1.462159323302018E-56
sebastiendaniel-utilities:9.418302479270825E-59
jvg:4.80887977260807E-61
aegis-js:1.4299953865683737E-63
