snape:0.49999999999999956
video:0.17307692307637462
download:0.15384615384700578
manifest:0.05769230769256073
download-cli:0.05769230769202924
ndownload:0.05769230769202924
webvd:8.881784169142161E-16
peardownloader:1.3929543858139332E-24
jul11co-webdl:3.9442594901087886E-31
evdh:1.1258999068426277E-36
