eat-daily-jam:0.4999997876293789
music:0.25
videos:0.25
grooveshark-streaming:2.1237062116008133E-7
grooveshark-downloader:1.62662208320873E-20
vexflow-musie:2.3215926151642246E-25
