quagga:0.23863636364054708
barcode-reader:0.23863636363218008
exif:0.1988636363666849
extract:0.19886363636058774
bytescout:0.1250000000000002
bwip-js:1.4790804218386862E-30
barcode-js:8.44347605564716E-36
jaguar:1.5464913450930327E-40
