health:0.9998782601347498
webtorrent-health:7.60874157814007E-5
torrent-tracker-health:3.043496631256029E-5
lifetracker:1.5217483156280162E-5
webtorrent-tracker:1.2676506002282332E-21
bittorrent-tracker:1.2676506002282332E-21
carotte-dashboard:2.7609186013406058E-30
torrent-tracker-health-ce:2.3639568701973462E-35
quantified:8.657015354248E-40
windows.devices.pointofservice:5.560297121638557E-44
