health:0.9999791004963536
webtorrent-health:1.278630307952766E-5
torrent-tracker-health:5.93803928402287E-6
lifetracker:2.1751612827177837E-6
webtorrent-tracker:1.2676506002282341E-21
bittorrent-tracker:1.2676506002282341E-21
carotte-dashboard:2.7609186013406058E-30
torrent-tracker-health-ce:2.363956870197347E-35
quantified:8.657015354247998E-40
windows.devices.pointofservice:5.560297121638561E-44
