three-clara:0.4444444444444444
threejs-extras-examples:0.4444444444444444
three:0.1111111111111111
