mathjs:0.2170897303178339
math.js:0.17593597235591746
functions:0.16793888307772442
expr-eval:0.07479210234526674
es6-math:0.06799601367609283
gamma:0.049861403655794806
math:0.040467207002612055
nearest-periodic-value:0.033240936011944285
contained-periodic-values:0.024930701618984818
skipped-periodic-values:0.01994456090074471
random-pro:0.019751877221434008
chi-squared:0.016620467092170115
compute-signum:0.009996361632765583
mathsass:0.009875930125898127
compute-erf:0.008885654764016856
fparser:0.007790842827337867
coffeelint-config-groupon:0.006583951019908145
keen-query:0.004937962351653421
graphy-js:0.003950369461633712
eslint-config-groupon-react:0.0032919743358484866
insect:0.0028216921695731344
simple-math:0.0024689805810161124
rational-number:0.002194649366551563
zol:0.001975184407929369
rpgdicejs:0.001795622177338072
pusher.math:0.0016459869906444865
contour_plot:0.0015193726056022439
math_example_sean:0.0014108459924038763
math-extras:0.0013167895960866018
more-math:0.001234490250575767
sylver:0.0011618731819117167
numjs:0.001097324677080668
tiered-numbering:0.0010395707521699547
golden-type:9.875922200815377E-4
adnn:9.405640246161598E-4
squarejs:8.978111198092852E-4
complex-dice:8.58775859006823E-4
mathfunctions:8.229935366728233E-4
rawdevjs-math-matrix:7.900738001639497E-4
misual:7.596863510948956E-4
rawdevjs-math-color:7.315498241784599E-4
gannit:7.054230491715456E-4
wolkd:6.810981206945598E-4
pyextjs:6.583948540870553E-4
numjsx:6.371563143236569E-4
eslint-config-groupon-node6:6.172451832583187E-4
json-e:5.985407873696765E-4
ete:5.809366500219626E-4
eslint-config-groupon-es5:5.643384633383668E-4
pocketwrench:5.486623980955246E-4
num4js:5.338336876891887E-4
bigbang:5.197854356842809E-4
eslint-config-groupon-node4:5.06457606818794E-4
jqx-elements:4.937961693571159E-4
math-evalrational:7.577937450631952E-52
math-gamma:7.315543945889042E-54
compute-erfinv:7.618475540623427E-56
math-erf:8.051932738304348E-58
math-erfc:8.080112671133941E-60
compute-erfc:7.070970175380811E-62
math-digamma:4.717845955340676E-64
compute-erfcinv:1.7758512925453175E-66
dicetower:1.5481850831143197E-81
gsl-sf:3.1734602479627086E-83
stylint-config-groupon:3.3609415101663E-85
