mathjs:0.24155588628639435
math.js:0.22375703149087217
functions:0.21358625733217732
expr-eval:0.0762808062127485
gamma:0.05085387080611316
math:0.05085387079336169
nearest-periodic-value:0.03390258053484184
contained-periodic-values:0.02542693539971074
skipped-periodic-values:0.020341548318987646
chi-squared:0.016951290265367753
es6-math:0.014529677370035396
compute-signum:0.012713467698601759
compute-erf:0.011300860176416504
fparser:0.007945917314371201
math-evalrational:2.238936064959439E-51
math-gamma:2.1614107112853953E-53
compute-erfinv:2.2509132279114637E-55
math-erf:2.378980127226282E-57
math-erfc:2.387306016471391E-59
compute-erfc:2.0891502790897824E-61
math-digamma:1.3939090322597446E-63
compute-erfcinv:5.246833364338438E-66
