functions:0.3678404443007037
math.js:0.15038380192740702
mathjs:0.1396980916225375
expr-eval:0.10551978486581151
es6-math:0.040511127318219035
gamma:0.03876766642714737
math:0.02820828936978165
nearest-periodic-value:0.02584511322283071
contained-periodic-values:0.019383835892746847
skipped-periodic-values:0.015507069181000501
chi-squared:0.012922557892986714
random-pro:0.009179025958488102
compute-signum:0.00854452544620905
compute-erf:0.007595134819452285
mathsass:0.004589490218394325
coffeelint-config-groupon:0.0030596540197069776
keen-query:0.0022947377411292724
graphy-js:0.0018357886483000854
eslint-config-groupon-react:0.0015298229052929902
insect:0.0013112761199906365
simple-math:0.001147366135472314
rational-number:0.0010198806591432067
zol:9.178923236034634E-4
rpgdicejs:8.344473539314704E-4
pusher.math:7.649099026465796E-4
contour_plot:7.060705383622405E-4
math_example_sean:6.556368110228125E-4
math-extras:6.119275911985906E-4
more-math:5.736820322297385E-4
sylver:5.399359575448161E-4
numjs:5.099394522359011E-4
tiered-numbering:4.8310047836515086E-4
golden-type:4.589454056911379E-4
adnn:4.370908193382407E-4
squarejs:4.1722301628867287E-4
complex-dice:3.9908285061929287E-4
mathfunctions:3.82454367431711E-4
rawdevjs-math-matrix:3.671561646409506E-4
misual:3.530347481987801E-4
rawdevjs-math-color:3.3995936393502424E-4
gannit:3.278179368621515E-4
wolkd:3.1651385062426404E-4
pyextjs:3.059633710566886E-4
numjsx:2.9609356841175856E-4
eslint-config-groupon-node6:2.8684062916749817E-4
json-e:2.781484747803671E-4
ete:2.699676241876657E-4
eslint-config-groupon-es5:2.6225425130964363E-4
pocketwrench:2.549693996346818E-4
num4js:2.480783241691137E-4
bigbang:2.415499372897663E-4
eslint-config-groupon-node4:2.353563398500051E-4
jqx-elements:2.2947242261991198E-4
fparser:1.7321537028348118E-37
math-evalrational:7.577937450631961E-52
math-gamma:7.315543945889046E-54
compute-erfinv:7.61847554062343E-56
math-erf:8.051932738304352E-58
math-erfc:8.080112671133946E-60
compute-erfc:7.070970175380812E-62
math-digamma:4.717845955340684E-64
compute-erfcinv:1.7758512925453204E-66
dicetower:1.5481850831143213E-81
gsl-sf:3.173460247962713E-83
stylint-config-groupon:3.3609415101663027E-85
