app:0.9999999999999982
koa:1.776103087469634E-15
maya:1.268754081255889E-19
zackva:2.785911138197071E-25
zzg:1.5777218104420244E-31
