js-sorting-algorithms:0.20111490373305985
sorting:0.16612955511909291
sort:0.15857821170458897
stable:0.15857821170458897
ndarray-select:0.08619210159987149
js-quicksort:0.043096050799946495
sort-algorithms:0.04240956503499964
sort-algorithms-js:0.036917678915358805
via-sort:0.0287307005333008
sort-algo:0.025171144715018638
qsort.js:0.021548025399976203
quick-sort:0.013704289900396707
ds.algo:0.00943917926812957
node-sort:0.008390381571670909
mergesort:4.670994881082731E-47
