ds.algo:4.862104642511232E-16
kuhwick:8.790931443078733E-17
js-quicksort:3.013065599972989E-17
s:7.966344868926673E-18
so:7.966344868926673E-18
sor:7.966344868926673E-18
sort:7.966344868926673E-18
algo-sort-bubble:7.718587731854792E-18
znetstar-olympus:3.3517093722852576E-18
sort-algo:2.2920711552701306E-18
algo-sort-jumpdown:1.6169858963084551E-18
bubble-sort-js:9.448652526621695E-19
algo-quick-find:8.936197593532845E-19
sorting:4.338926272310142E-19
wasm-sort:1.1127895344553342E-19
algo-sort-comb:4.427281099546952E-22
drop-merge-sort:3.6593697385943374E-23
algo-sort-cocktail:9.808638832395705E-29
lodash310patch:4.103269143793234E-55
sugar-string:2.870296238580678E-56
olical-binary-search:3.760114527538337E-61
ndarray-select:0.0
js-sorting-algorithms:0.0
loganalysis:0.0
mdn-browser-compat-data:0.0
jsonfp:0.0
amd-utils:-2.7740730813975325E-51
underscoreWithTypings:-7.033101571307991E-51
jsbin:-5.673905466997217E-50
ljz:-6.600525919618272E-27
insertion-sort-js:-1.4807995450812388E-24
mergesort:-3.2061204287900093E-24
quick-sort.js:-6.5883023416788885E-21
democracyos-natural-sort:-1.4458956555841904E-20
ykd3:-1.2239626087824606E-19
via-sort:-2.2315082995414485E-18
qsort.js:-3.3563680534951562E-18
algo-quick-union:-1.1655808628929583E-17
sort-algorithms:-1.3572855946802873E-17
pet-api:-2.1689125647393556E-17
popcorn-streamer-server:-6.196215415754642E-17
q-sort:-6.57915901120831E-17
mdn-data:-7.292953675859506E-17
sort-algorithms-js:-2.1514636860259172E-16
quick-sort:-5.108489586208562E-16
node-sort:-0.9999999999999984
