js-sorting-algorithms:0.19923429550171784
sorting:0.16457609188446304
sort:0.15709536043517774
stable:0.15709536043517774
ndarray-select:0.0853861266433647
js-quicksort:0.042693063321718544
sort-algorithms:0.042012996826487736
sort-algorithms-js:0.036572464863347046
via-sort:0.028462042214487504
sort-algo:0.02493577149779192
qsort.js:0.021346531660868317
ds.algo:0.018701828623050958
quick-sort:0.013576142259810117
node-sort:0.008311923832536665
jsonfp:5.551115123125793E-17
mergesort:4.379057701015061E-47
