sorting:0.21911512512061718
js-sorting-algorithms:0.21517780968328165
sort:0.1394368978785391
stable:0.11172425131261533
ndarray-select:0.08069167834725889
sort-algorithms:0.0438509822219126
js-quicksort:0.04034583910926233
sort-algorithms-js:0.03841329269045201
sort-algo:0.02771264656592377
via-sort:0.026897226076200445
qsort.js:0.02017291956364668
ds.algo:0.016599630655719736
quick-sort:0.012484087142347243
node-sort:0.007377613632222982
jsonfp:5.551115123125788E-17
mergesort:7.732456725465168E-41
