algorithms:0.33333333333333337
ranks:0.33333333333333337
ranked:0.33333333333333337
genes:6.1461847283793335E-21
algorithmic:6.1461847283793335E-21
aggregation:4.326841427191754E-39
statsd:5.554166440857152E-43
computer-science-in-javascript:8.758115402030132E-47
