algorithms:0.24778761061946902
ranks:0.24778761061946902
ranked:0.24778761061946902
genes:0.12389380530973451
aggregation:0.10619469026548672
algorithmic:0.02654867256637168
computer-science-in-javascript:1.5464913450930315E-40
statsd:6.950371402048195E-44
