send-sms:0.1423842509703451
thehelp-messaging:0.07032656772860303
sending-sms:0.06610697366511946
thehelp-last-ditch:0.06329391095573708
node-red-node-twilio:0.05696451986015693
easynexmo:0.053799824312368724
micro-app-notify-client:0.053799824312368724
sms-link:0.053799824312368724
bipsms:0.053799824312368724
frank-node-sms:0.053799824312368724
ali-sms:0.053799824312368724
x-sms:0.053799824312368724
byteskode-sms:0.053799824312368724
smsaero:0.053799824312368724
react-native-android-sms-listener:0.053799824312368724
upmon-sms:0.03305348683254251
node-bulk-sms:0.0220356578883298
moleculer-twilio:0.004219594063720001
trailpack-twilio:0.0036167949117588212
pswincom-gateway:1.810366482151565E-45
react-native-send-intent:2.2549261802569455E-47
smsapicom:3.646753495282917E-49
sms-device:7.209557501086805E-51
nimbow-client:1.6624953492417781E-52
tz-command:4.305918997334325E-54
weimi:1.2138397206585725E-55
react-native-sms:3.624217666954032E-57
cordova-sms-plugin-no-send-sms-permission:2.7885540571279597E-58
smsconnect:1.1182232774152862E-58
zhoujianhui-cordova-plugin-sms:3.4830352208709935E-60
sms:2.1170219007638984E-60
cordova-mysms-plugin:1.0698999385448367E-61
react-native-send-sms:1.246929808223387E-62
smsexpress:3.1614167933937787E-63
hubot-xmatters:8.73562829041424E-65
springedge:4.203304842361025E-65
look-out:2.1804015328062606E-66
postnewman:4.693436424428748E-68
universal-twilio:8.129918944354333E-70
hook.io-twilio:1.0032646517514944E-71
o2sms:6.592162969645748E-74
