sediment:0.9998601416704523
troll:2.8221544082840128E-5
sentiment:1.5269826471165043E-5
made-in-denmark:1.126340659213605E-5
Sentimental:8.725564421911197E-6
personify:7.995081300483317E-6
afinn-165:5.643180201451952E-6
google-nlp:5.550288277177278E-6
datasets-liu-negative-opinion-words-en:4.216235803871409E-6
sentimental:3.973117133666641E-6
analysis:3.815037704605162E-6
compendium-js:3.371733152041586E-6
sentiment-polish:3.2531538792740424E-6
sentiment-v2:3.1215808257143682E-6
datasets-liu-positive-opinion-words-en:2.7928611668428964E-6
sentiment-swedish:2.4728211604496156E-6
lexemic:2.3733082579260717E-6
empath-sentiment-analysis:2.305905253044448E-6
mad-science-modules:2.056396015084904E-6
afinn-111:2.00412362899161E-6
dracula-sentiment:1.9351180612311033E-6
awesome-mad-science:1.8092610868595608E-6
emoji-emotion:1.8051696210193857E-6
spanishdal:1.6115932846543412E-6
afinn-96:1.423006893739382E-6
made-in-netherlands:1.094153572042295E-6
sentiment-french:9.342541135877843E-7
sentiment-multilang:8.751607386756474E-7
sentimentjs:8.225729139688106E-7
heatjs:7.75498764047676E-7
sentiment-ptbr:7.658654368807282E-7
influence:6.515820657825948E-7
emojimation:5.850697320722658E-7
sentiment-analysis:4.5574575250437364E-7
sentiment-alyze:4.5188953841952173E-7
hubot-sentiment:4.4329629921992657E-7
ml-sentiment:3.232004006549904E-7
vh-sentiment:2.914403332717635E-7
viralheat-sentiment:2.801419751300091E-7
node_alchemy:2.696210099303351E-7
node-sentiment:2.677318183989576E-7
sentiment-zh_cn:2.5980201202591267E-7
this-is-probably-ok-to-say:2.4279446041796264E-7
emotions-multilang:2.3468926203681064E-7
npmtest-salient:2.2706638575316737E-7
nlp-node:2.19885192291933E-7
havenondemand:1.6423945941246043E-7
uncensor:1.5942529380120552E-7
alchemy-api-nav:1.5486350356098894E-7
sentiyapa.js:1.5053529678264098E-7
emotional-emoticons:1.4642367609319917E-7
rangen:1.3901587767602656E-7
node-red-node-alchemy-sentiment:1.3546125158637196E-7
corenlp-js-interface:1.3206967816915948E-7
iod-node:1.288305031413237E-7
sentiment-custom-lists:1.2573396756028666E-7
sentiword:6.944978799779061E-8
npmdoc-salient:5.555145718350854E-8
npmdoc-sentiment:5.4291815678886867E-8
node-dlp-sentiment:5.353197427705312E-8
nlp_sf:5.3083534578917814E-8
senti:5.1782102572757173E-8
grandiloquent:5.134921315074116E-8
emotional:5.0266567554991664E-8
indiansentiment:4.9225021176856306E-8
corenlp-js-prefab:4.82223436616509E-8
sentiment-spanish:4.725646084593362E-8
semantria-node:4.632544143826698E-8
alchemy-news-api:4.54274850322874E-8
crunchable:4.456091129978094E-8
npmtest-sentiment:4.372415023098148E-8
stanford-corenlp:1.895693950345124E-8
advanced-sentiment:1.880038412291505E-8
datumbox:1.846315948571667E-8
alchemy-api:1.7532043568409097E-8
npm-collection-language-tools:1.7231046769214305E-8
salient_for_meteor:1.6939384205720586E-8
botbuilder-handoff:1.665664079138246E-8
made-in-brazil:1.6382425331505207E-8
hashpokemongo:1.611636884378124E-8
jarvis-bot:1.585812301770209E-8
atsaty:5.060662274506936E-10
outengine:4.982690013327134E-10
korean-sentiment-analyzer:4.906890894981454E-10
salient:4.833177945223405E-10
watson-developer-cloud:4.761468701500671E-10
lexicons:9.428271142847526E-11
bank-fan:9.293381018902738E-11
multi-sentiment:9.161985004068476E-11
gotsentimental:9.033953012392288E-11
malver:8.909161240604695E-11
playbulb:8.787491796742185E-11
botfuel-nlp-sdk:8.668832354648873E-11
indico.io:8.553075832286011E-11
terrasentiments:8.440120091965193E-11
sentiment140-nodejs-client:8.329867660789054E-11
sentiment140:8.22222546973463E-11
ember-semantic-analysis:8.117104609951067E-11
chronist:8.014420104966694E-11
neural-now:7.914090697611976E-11
speakeasy-nlp:7.816038650565726E-11
watson-developer-cloud-async:7.72018955952348E-11
ss-message:7.626472178069798E-11
intercom-to-mongodb:7.534818253411612E-11
bot_handoff:8.707298980010072E-102
made-in-india:1.3274775031437725E-103
