sediment:0.999473103757288
troll:8.710792779349654E-5
sentiment:4.7875724815191954E-5
made-in-denmark:3.635350347159003E-5
Sentimental:3.501544876295402E-5
sentimental:3.114152102141888E-5
analysis:3.0330694632810923E-5
personify:2.6714399664343635E-5
afinn-165:1.994795248671792E-5
sentiment-analysis:1.9695387940159353E-5
google-nlp:1.8340953284237668E-5
datasets-liu-negative-opinion-words-en:1.4066327316334386E-5
sentiment-polish:1.136580583511484E-5
compendium-js:1.1334358813589182E-5
sentiment-v2:1.0927128391474651E-5
datasets-liu-positive-opinion-words-en:9.44747509794051E-6
sentiment-swedish:8.699590880793866E-6
afinn-111:8.195859632655043E-6
empath-sentiment-analysis:8.15056872669814E-6
lexemic:8.07130540821251E-6
mad-science-modules:7.026230331381458E-6
dracula-sentiment:6.849357848570442E-6
emoji-emotion:6.52446440126185E-6
awesome-mad-science:6.207447736891001E-6
spanishdal:5.549840466644719E-6
afinn-96:5.132986654459582E-6
made-in-netherlands:3.7504641758088657E-6
sentiment-french:3.211769454006632E-6
sentiment-ptbr:3.196261840348498E-6
sentiment-multilang:3.0147827190802797E-6
sentimentjs:2.839122976933155E-6
heatjs:2.681575617322001E-6
influence:2.2627165930589445E-6
emojimation:2.0390292472244317E-6
hubot-sentiment:2.036775088395288E-6
sentiment-alyze:1.7456186529586121E-6
ml-sentiment:1.4552317717460573E-6
vh-sentiment:1.2653056300719998E-6
viralheat-sentiment:1.2177414553249641E-6
node-sentiment:1.1802158290164687E-6
node_alchemy:1.1733957739823167E-6
sentiment-zh_cn:1.1319598717911903E-6
this-is-probably-ok-to-say:8.745772993362602E-7
emotions-multilang:8.462671657186996E-7
npmtest-salient:8.196138044240183E-7
nlp-node:7.944792096864285E-7
havenondemand:6.051797159569197E-7
uncensor:5.879789920147842E-7
alchemy-api-nav:5.716650566108975E-7
sentiyapa.js:5.561726313284905E-7
emotional-emoticons:5.414426174251917E-7
rangen:5.124721219614673E-7
node-red-node-alchemy-sentiment:4.997658365431985E-7
corenlp-js-interface:4.876327429726525E-7
iod-node:4.760358139602988E-7
sentiment-custom-lists:4.6494110682882467E-7
npmdoc-salient:2.581429390254479E-7
npmdoc-sentiment:2.5246709306946197E-7
node-dlp-sentiment:2.4904039357974234E-7
nlp_sf:2.4701884041509747E-7
grandiloquent:2.3919390033369506E-7
emotional:2.3430375840250775E-7
indiansentiment:2.2959618087649045E-7
corenlp-js-prefab:2.2506137325967291E-7
sentiment-spanish:2.206902210100306E-7
semantria-node:2.1647423196273746E-7
alchemy-news-api:2.124054844788904E-7
crunchable:2.0847658066851666E-7
npmtest-sentiment:2.0468060411975754E-7
sentiword:1.8064837018425665E-7
stanford-corenlp:1.4092633897192688E-7
senti:1.2079727776659964E-7
advanced-sentiment:6.354925420701434E-8
datumbox:6.244394986813002E-8
alchemy-api:5.984838046274861E-8
npm-collection-language-tools:5.8852056485712403E-8
salient_for_meteor:5.788611790246034E-8
botbuilder-handoff:5.694922888552369E-8
made-in-brazil:5.604012982870116E-8
hashpokemongo:5.515763202668806E-8
jarvis-bot:5.430061279206276E-8
atsaty:1.6387095428813396E-9
outengine:1.6142271648556001E-9
korean-sentiment-analyzer:1.5904158279658154E-9
salient:1.5672489814399402E-9
watson-developer-cloud:1.544701439845861E-9
lexicons:6.747504170862298E-10
bank-fan:6.653896789751873E-10
multi-sentiment:6.562673999117458E-10
gotsentimental:6.473748031535253E-10
malver:6.387035321646351E-10
playbulb:6.302456259508768E-10
botfuel-nlp-sdk:6.219934961035592E-10
indico.io:6.139399054158938E-10
terrasentiments:6.060779479481465E-10
sentiment140-nodejs-client:5.984010304287114E-10
sentiment140:5.909028548881775E-10
ember-semantic-analysis:5.835774024324013E-10
chronist:5.764189180686775E-10
neural-now:5.694218965064046E-10
speakeasy-nlp:5.625810688602605E-10
watson-developer-cloud-async:5.558913901899004E-10
ss-message:5.493480278156338E-10
intercom-to-mongodb:5.429463503544757E-10
bot_handoff:8.70729898001009E-102
made-in-india:1.327477503143775E-103
