sentiment:0.3554588124831752
Sentimental:0.17772940624158715
afinn-165:0.10032382280859285
sentimental:0.09581488695202688
analysis:0.09299680204167314
sentiment-polish:0.0403002526395172
sentiment-v2:0.026866835093011566
dracula-sentiment:0.02015012631975877
empath-sentiment-analysis:0.016120101055807076
sentiment-swedish:0.013433417546505927
personify:0.011514357897005098
afinn-111:0.010420360482470768
emoji-emotion:0.01007506315987947
sentiment-ptbr:0.008434593673547111
sentiment-alyze:0.008178999925863864
afinn-96:0.0034684121973584453
hubot-sentiment:0.0032206684689756997
node-sentiment:0.0030059572377106538
sentiment-analysis:0.0014647487848001221
senti:5.111874953664876E-4
sentiword:5.111874953664876E-4
stanford-corenlp:3.166733462115528E-55
emojimation:2.9994007800366664E-55
ml-sentiment:4.3953927646868745E-56
node-dlp-sentiment:3.5527136788005056E-67
