ember-cli-cordova-auth:0.5678479708461344
passport-oauth2:0.21607483583503503
external:0.21607483583503503
bell:9.957751361297945E-7
bell-oidc:5.89070953520411E-7
plug-auth-client:5.024252983258703E-7
plug-auth-server:2.7021240772277637E-7
passport-tanda:5.519984203002646E-17
passport-openid:5.519984203002646E-17
hawk:5.519984203002646E-17
aurelia-authentication:1.3050830769526254E-30
protoculture-hapi:3.913694614937568E-31
travelogue-resurrected:1.5650749867699919E-31
travelogue-hapi4:7.432696214577423E-32
restla:3.963509417589027E-32
hubot-flowdock-attend-own-account:2.298549791381643E-32
loopback-passport:1.9265869400600402E-32
retsly-js-auth:1.428821785305868E-32
backendjs:1.0835605079036745E-32
node-sp-auth:8.581830388695657E-33
feathers-horizon:7.33427037231591E-33
passport-oauth2-resource-owner-credentials:5.283344001424631E-33
fireauth:5.280322251851779E-33
hubot-flowdock:5.133611671818066E-33
hubot-flowdock-resin:1.2374744582391592E-33
derby-user-providers:2.246543031329221E-46
punch-auth:6.929732919580819E-50
firebaseauth:3.172065784643316E-67
