ember-cli-cordova-auth:0.605464950712414
passport-oauth2:0.3272330250898396
external:0.06729274949172237
bell:4.2301679988708675E-6
bell-oidc:2.1668855712175462E-6
plug-auth-client:1.8510791083586896E-6
plug-auth-server:1.0265731491652053E-6
hawk:9.218297430552739E-14
passport-tanda:5.2211617072591995E-14
passport-openid:5.2211617072591995E-14
aurelia-authentication:3.5706591371383594E-30
protoculture-hapi:1.1368215507223865E-30
travelogue-resurrected:4.726367491409309E-31
travelogue-hapi4:2.3101713678547455E-31
restla:1.2603960132601777E-31
hubot-flowdock-attend-own-account:7.449280170141241E-32
loopback-passport:6.610878572489197E-32
retsly-js-auth:4.48845563898051E-32
backendjs:3.553155252793201E-32
node-sp-auth:3.501300707290342E-32
feathers-horizon:2.4353516167946364E-32
fireauth:1.7713561707896577E-32
hubot-flowdock:1.7239279246463886E-32
passport-oauth2-resource-owner-credentials:1.6252835783745228E-32
hubot-flowdock-resin:4.8761545206633096E-33
derby-user-providers:2.2465430313292202E-46
punch-auth:6.929732919580819E-50
firebaseauth:3.172065784643314E-67
