passport-oauth2:0.4999999974958173
external:0.4999999974958173
bell:5.008363165276358E-9
plug-auth-client:1.9984014296992665E-15
passport-tanda:1.0362081563168095E-16
passport-openid:1.0362081563168095E-16
hawk:1.0362081563168095E-16
bell-oidc:7.312998101460357E-24
plug-auth-server:6.211925035072445E-30
retsly-js-auth:8.863216009782711E-35
passport-oauth2-resource-owner-credentials:6.487765517904437E-39
fireauth:1.2483114415861675E-42
node-sp-auth:2.7770832204285726E-43
derby-user-providers:3.931450304826137E-46
loopback-passport:4.379057701015055E-47
punch-auth:1.212703260926643E-49
